Row, Col, Ala, Ala %SD, Ala/Cr+PCr, Asp, Asp %SD, Asp/Cr+PCr, Cr, Cr %SD, Cr/Cr+PCr, PCr, PCr %SD, PCr/Cr+PCr, GABA, GABA %SD, GABA/Cr+PCr, Glc, Glc %SD, Glc/Cr+PCr, Gln, Gln %SD, Gln/Cr+PCr, Glu, Glu %SD, Glu/Cr+PCr, GPC, GPC %SD, GPC/Cr+PCr, PCh, PCh %SD, PCh/Cr+PCr, GSH, GSH %SD, GSH/Cr+PCr, Ins, Ins %SD, Ins/Cr+PCr, Lac, Lac %SD, Lac/Cr+PCr, NAA, NAA %SD, NAA/Cr+PCr, NAAG, NAAG %SD, NAAG/Cr+PCr, Scyllo, Scyllo %SD, Scyllo/Cr+PCr, Tau, Tau %SD, Tau/Cr+PCr, -CrCH2, -CrCH2 %SD, -CrCH2/Cr+PCr, GPC+PCh, GPC+PCh %SD, GPC+PCh/Cr+PCr, NAA+NAAG, NAA+NAAG %SD, NAA+NAAG/Cr+PCr, Cr+PCr, Cr+PCr %SD, Cr+PCr/Cr+PCr, Glu+Gln, Glu+Gln %SD, Glu+Gln/Cr+PCr, Lip13a, Lip13a %SD, Lip13a/Cr+PCr, Lip13b, Lip13b %SD, Lip13b/Cr+PCr, Lip09, Lip09 %SD, Lip09/Cr+PCr, MM09, MM09 %SD, MM09/Cr+PCr, Lip20, Lip20 %SD, Lip20/Cr+PCr, MM20, MM20 %SD, MM20/Cr+PCr, MM12, MM12 %SD, MM12/Cr+PCr, MM14, MM14 %SD, MM14/Cr+PCr, MM17, MM17 %SD, MM17/Cr+PCr, Lip13a+Lip13b, Lip13a+Lip13b %SD, Lip13a+Lip13b/Cr+PCr, MM14+Lip13a+L, MM14+Lip13a+L %SD, MM14+Lip13a+L/Cr+PCr, MM09+Lip09, MM09+Lip09 %SD, MM09+Lip09/Cr+PCr, MM20+Lip20, MM20+Lip20 %SD, MM20+Lip20/Cr+PCr
  7,   7,  524.000,   48,    0.301,  150.941,  202,  8.7E-02,    0.000,  999,    0.000, 1.74E+03,    7,    1.000,   13.771,  999,  7.9E-03,   79.595,  239,  4.6E-02,    0.000,  999,    0.000, 2.08E+03,   28,    1.198,  484.488,    9,    0.278,    0.000,  999,    0.000,  177.194,   88,    0.102,  929.615,   54,    0.534,  411.690,   68,    0.237, 2.70E+03,    8,    1.553,   97.519,  250,  5.6E-02,  128.698,   36,  7.4E-02,  387.411,   75,    0.223,  701.299,   28,    0.403,  484.488,    9,    0.278, 2.80E+03,    6,    1.609, 1.74E+03,    7,    1.000, 2.08E+03,   28,    1.198, 3.10E+03,   23,    1.782,    0.000,  999,    0.000,  681.944,   63,    0.392, 2.49E+03,   19,    1.431,  576.535,   54,    0.331, 5.51E+03,   13,    3.169,  633.239,   59,    0.364,    0.000,  999,    0.000, 2.15E+03,   12,    1.236, 3.10E+03,   23,    1.782, 3.73E+03,   16,    2.146, 3.17E+03,   11,    1.823, 6.09E+03,   12,    3.500
  6,   6,  627.155,   91,    0.584,  128.943,  147,    0.120, 1.05E+03,   63,    0.976,   26.173,  999,  2.4E-02,  113.954,  101,    0.106,  113.726,  101,    0.106,    0.000,  999,    0.000,  220.376,  556,    0.205,    0.000,  999,    0.000,  200.782,   29,    0.187,  176.003,  135,    0.164,  841.053,   84,    0.783,    0.000,  999,    0.000, 1.96E+03,   19,    1.824,  278.762,  147,    0.259,   29.551,  121,  2.7E-02,  222.711,   84,    0.207,  478.249,   45,    0.445,  200.782,   29,    0.187, 2.24E+03,   10,    2.084, 1.07E+03,   15,    1.000,  220.376,  556,    0.205, 2.96E+03,   54,    2.751,   93.298,  602,  8.7E-02,  974.509,   51,    0.907, 2.01E+03,   30,    1.869,  520.688,   60,    0.485, 1.11E+03,   86,    1.030,  367.493,  133,    0.342, 1.22E+03,   68,    1.131, 3.70E+03,   15,    3.443, 3.05E+03,   41,    2.837, 4.63E+03,   17,    4.310, 2.98E+03,   13,    2.775, 1.63E+03,   56,    1.514
  6,   7,    0.000,  999,    0.000,  221.981,  106,    0.132,  284.211,  319,    0.168, 1.40E+03,   64,    0.832,  200.000,   71,    0.119,  163.509,   87,  9.7E-02, 5.93E+03,   33,    3.513, 6.05E+03,   37,    3.586,  481.831,   17,    0.286,    0.000,  999,    0.000,  650.964,   57,    0.386, 3.78E+03,   28,    2.237, 3.49E+03,   39,    2.068,  233.023,  225,    0.138, 2.52E+03,   20,    1.494,   79.030,   57,  4.7E-02,  230.641,  100,    0.137,    0.000,  999,    0.000,  481.831,   17,    0.286, 2.75E+03,   11,    1.632, 1.69E+03,   13,    1.000, 1.20E+04,   31,    7.098,    0.000,  999,    0.000, 1.71E+03,   52,    1.016,    0.000,  999,    0.000, 2.03E+03,   22,    1.201,  443.988,   87,    0.263, 3.51E+03,   27,    2.081,  586.550,   50,    0.348, 3.85E+03,   17,    2.280, 1.62E+03,   30,    0.960, 1.71E+03,   52,    1.016, 6.15E+03,   17,    3.644, 2.03E+03,   22,    1.201, 3.96E+03,   24,    2.345
  6,   8,    0.000,  999,    0.000,  301.111,   94,    0.207, 1.12E+03,   42,    0.769,  336.296,  143,    0.231,  164.268,  109,    0.113,  147.701,  119,    0.102, 1.58E+03,   47,    1.087, 3.16E+03,   26,    2.172,  526.748,    9,    0.363,    0.000,  999,    0.000,  401.791,   43,    0.277, 2.32E+03,   23,    1.600,  184.356,  195,    0.127, 1.57E+03,   21,    1.081, 1.70E+03,   19,    1.167,   98.828,   46,  6.8E-02,   63.258,  428,  4.4E-02,  113.989,  172,  7.8E-02,  526.748,    9,    0.363, 3.27E+03,    5,    2.248, 1.45E+03,    8,    1.000, 4.73E+03,   28,    3.259, 3.47E+03,   30,    2.391,    0.000,  999,    0.000,  484.707,  101,    0.334, 2.51E+03,   21,    1.729,  542.917,   62,    0.374, 4.16E+03,   19,    2.864,  868.395,   39,    0.598, 3.58E+03,   20,    2.463, 1.48E+03,   26,    1.017, 3.47E+03,   30,    2.391, 7.92E+03,    9,    5.451, 3.00E+03,   12,    2.062, 4.70E+03,   16,    3.238
  7,   6,    0.000,  999,    0.000,  258.430,   84,    0.219,  388.618,  104,    0.329,  793.741,   52,    0.671,   67.272,  197,  5.7E-02,   81.221,  163,  6.9E-02,  862.573,   53,    0.730, 1.36E+03,   38,    1.147,   80.277,  361,  6.8E-02,  337.202,   85,    0.285,  344.866,   43,    0.292,  597.509,   80,    0.505,   33.446,  757,  2.8E-02, 1.83E+03,    7,    1.544,    0.000,  999,    0.000,   57.741,   63,  4.9E-02,  220.481,   95,    0.186,  243.726,   78,    0.206,  417.478,   10,    0.353, 1.83E+03,    7,    1.544, 1.18E+03,    9,    1.000, 2.22E+03,   32,    1.876, 3.99E+03,   18,    3.376,    0.000,  999,    0.000, 1.10E+03,   40,    0.934, 1.55E+03,   30,    1.314,  661.071,   50,    0.559, 2.46E+03,   26,    2.084,  271.493,  117,    0.230,    0.000,  999,    0.000, 2.70E+03,   10,    2.287, 3.99E+03,   18,    3.376, 4.26E+03,   14,    3.605, 2.66E+03,   12,    2.248, 3.13E+03,   20,    2.643
  7,   8,  610.035,   35,    0.416,    0.000,  999,    0.000,  939.734,   32,    0.640,  528.422,   58,    0.360,   98.558,  193,  6.7E-02,   88.855,  210,  6.1E-02,  615.409,   69,    0.419, 2.09E+03,   23,    1.422,  460.566,    8,    0.314,    0.000,  999,    0.000,  639.314,   20,    0.435, 2.14E+03,   20,    1.459,  568.577,   41,    0.387, 2.61E+03,    8,    1.775,  458.052,   48,    0.312,   75.905,   54,  5.2E-02,    0.000,  999,    0.000,    0.000,  999,    0.000,  460.566,    8,    0.314, 3.06E+03,    5,    2.087, 1.47E+03,    7,    1.000, 2.70E+03,   26,    1.841,  926.878,   78,    0.631,    0.000,  999,    0.000,    0.000,  999,    0.000, 3.16E+03,   11,    2.150,   77.260,  336,  5.3E-02, 3.86E+03,   17,    2.628, 1.42E+03,   21,    0.970, 3.97E+03,   17,    2.704, 1.91E+03,   22,    1.304,  926.878,   78,    0.631, 6.32E+03,   10,    4.306, 3.16E+03,   11,    2.150, 3.94E+03,   16,    2.681
  8,   6,  333.187,   49,    0.272,  340.475,   66,    0.278,  952.290,   29,    0.778,  272.408,  104,    0.222,    0.000,  999,    0.000,   86.922,  161,  7.1E-02,  678.380,   47,    0.554, 1.46E+03,   24,    1.192,  327.280,    9,    0.267,    0.000,  999,    0.000,  422.570,   25,    0.345, 1.07E+03,   30,    0.874,    7.565,  999,  6.2E-03, 2.36E+03,    4,    1.929,    0.000,  999,    0.000,   77.179,   42,  6.3E-02,  253.251,   82,    0.207,    0.000,  999,    0.000,  327.280,    9,    0.267, 2.36E+03,    4,    1.929, 1.22E+03,    6,    1.000, 2.14E+03,   23,    1.746, 3.73E+03,   16,    3.049,    0.000,  999,    0.000,  815.136,   50,    0.666, 1.87E+03,   22,    1.528,  446.487,   68,    0.365, 3.47E+03,   15,    2.834,  516.996,   58,    0.422,    0.000,  999,    0.000, 2.25E+03,    9,    1.841, 3.73E+03,   16,    3.049, 4.25E+03,   12,    3.471, 2.69E+03,   10,    2.193, 3.92E+03,   13,    3.199
  8,   7,  305.192,   45,    0.187,  199.451,  134,    0.122, 1.09E+03,   19,    0.668,  542.286,   41,    0.332,    0.000,  999,    0.000,  201.064,   87,    0.123,  552.429,   49,    0.338, 1.79E+03,   17,    1.094,  412.321,    7,    0.252,    0.000,  999,    0.000,  422.660,   23,    0.259, 1.73E+03,   18,    1.056,    0.000,  999,    0.000, 2.62E+03,    6,    1.602,  435.483,   35,    0.266,  106.315,   32,  6.5E-02,   65.756,  361,  4.0E-02,  101.183,  138,  6.2E-02,  412.321,    7,    0.252, 3.05E+03,    4,    1.868, 1.63E+03,    5,    1.000, 2.34E+03,   18,    1.432, 2.14E+03,   23,    1.307,    0.000,  999,    0.000,  542.923,   57,    0.332, 1.99E+03,   18,    1.214,  259.091,   83,    0.158, 3.29E+03,   15,    2.014,  569.161,   53,    0.348,    0.000,  999,    0.000, 2.35E+03,    8,    1.439, 2.14E+03,   23,    1.307, 2.71E+03,   15,    1.655, 2.53E+03,   10,    1.546, 3.55E+03,   14,    2.172
  8,   8,  330.476,   38,    0.196,  211.037,  128,    0.125,  389.426,   66,    0.231, 1.30E+03,   21,    0.769,    0.000,  999,    0.000,  182.978,   98,    0.108,  348.667,   71,    0.206, 1.73E+03,   16,    1.024,  506.811,    5,    0.300,    0.000,  999,    0.000,  348.782,   24,    0.207, 1.70E+03,   17,    1.009,   51.875,  257,  3.1E-02, 3.19E+03,    5,    1.890,  158.909,  101,  9.4E-02,  148.791,   21,  8.8E-02,    0.000,  999,    0.000,  470.266,   26,    0.278,  506.811,    5,    0.300, 3.35E+03,    3,    1.984, 1.69E+03,    4,    1.000, 2.08E+03,   18,    1.231, 1.50E+03,   48,    0.888,    0.000,  999,    0.000,    7.651,  999,  4.5E-03, 2.56E+03,   16,    1.514,  106.607,  243,  6.3E-02, 5.15E+03,   10,    3.050,  767.612,   39,    0.455, 2.79E+03,   23,    1.653, 2.98E+03,   14,    1.764, 1.50E+03,   48,    0.888, 5.06E+03,    9,    2.996, 2.56E+03,   10,    1.518, 5.26E+03,    9,    3.113
  5,   5,  509.219,   78,    0.353,  283.694,   99,    0.197,    0.000,  999,    0.000, 1.44E+03,   11,    1.000,   98.262,  177,  6.8E-02,  169.844,  101,    0.118,  559.379,  144,    0.388,  992.657,   91,    0.689,    0.000,  999,    0.000,  474.843,   11,    0.330,    0.000,  999,    0.000,    0.000,  999,    0.000,    0.000,  999,    0.000, 2.31E+03,    8,    1.605,    0.000,  999,    0.000,  121.636,   39,  8.4E-02,  454.733,   60,    0.316, 1.27E+03,   18,    0.880,  474.843,   11,    0.330, 2.31E+03,    8,    1.605, 1.44E+03,   11,    1.000, 1.55E+03,   89,    1.077, 6.18E+03,   18,    4.287,    0.000,  999,    0.000, 1.02E+03,   56,    0.711, 1.25E+03,   43,    0.871, 1.31E+03,   34,    0.907, 2.18E+03,   37,    1.510,  385.982,   71,    0.268, 2.98E+03,   16,    2.067,    0.000,  999,    0.000, 6.18E+03,   18,    4.287, 9.54E+03,    9,    6.621, 2.28E+03,   17,    1.582, 3.48E+03,   22,    2.417
  5,   6,  109.150,  225,    0.146,   75.308,  231,    0.101,    0.000,  999,    0.000,  746.346,   18,    1.000,   81.933,  127,    0.110,   64.200,  164,  8.6E-02,  166.520,  292,    0.223,    0.000,  999,    0.000,    0.000,  999,    0.000,  286.762,   16,    0.384,    0.000,  999,    0.000,    0.000,  999,    0.000,   49.052,  548,  6.6E-02, 1.13E+03,   16,    1.517,  209.083,   93,    0.280,   63.968,   49,  8.6E-02,  241.788,   70,    0.324,  902.693,   21,    1.209,  286.762,   16,    0.384, 1.34E+03,   15,    1.797,  746.346,   18,    1.000,  166.520,  292,    0.223, 3.74E+03,   33,    5.008,   42.427,  999,  5.7E-02,  590.306,   87,    0.791, 2.69E+03,   20,    3.606,  866.512,   44,    1.161, 5.85E+03,   14,    7.834,  710.123,   62,    0.951,    0.000,  999,    0.000, 1.05E+03,   45,    1.407, 3.78E+03,   21,    5.064, 4.49E+03,   15,    6.016, 3.28E+03,   12,    4.397, 6.71E+03,   12,    8.995
  5,   7,  225.817,  130,    0.296,  199.636,   88,    0.262,  573.037,   77,    0.752,  189.122,  238,    0.248,  105.012,  101,    0.138,  129.906,   82,    0.170,    0.000,  999,    0.000,   47.946,  999,  6.3E-02,  405.574,   13,    0.532,    0.000,  999,    0.000,  408.597,   47,    0.536, 1.48E+03,   41,    1.938,    0.000,  999,    0.000,  889.033,   22,    1.166,  516.300,   39,    0.677,   34.880,   94,  4.6E-02,  202.948,   85,    0.266,  208.119,   81,    0.273,  405.574,   13,    0.532, 1.41E+03,   14,    1.844,  762.159,   18,    1.000,   47.946,  999,  6.3E-02, 5.26E+03,   25,    6.900,    0.000,  999,    0.000,  888.696,   70,    1.166, 1.74E+03,   34,    2.289,  605.220,   73,    0.794, 2.84E+03,   30,    3.733,  489.942,   65,    0.643, 3.97E+03,   24,    5.205,    0.000,  999,    0.000, 5.26E+03,   25,    6.900, 9.72E+03,    9,   12.748, 2.63E+03,   17,    3.455, 3.45E+03,   23,    4.527
  5,   8,    0.000,  999,    0.000,  137.916,  171,    0.112, 1.02E+03,   37,    0.833,  205.505,  187,    0.167,  194.477,   74,    0.158,  176.475,   82,    0.144,    0.000,  999,    0.000, 2.25E+03,   24,    1.834,  556.019,    8,    0.453,    0.000,  999,    0.000,  482.751,   31,    0.393, 1.32E+03,   37,    1.073,    0.000,  999,    0.000, 1.84E+03,   10,    1.499,  693.434,   30,    0.565,   44.480,   87,  3.6E-02,  172.290,  131,    0.140,    0.000,  999,    0.000,  556.019,    8,    0.453, 2.53E+03,    7,    2.064, 1.23E+03,    9,    1.000, 2.25E+03,   24,    1.834, 4.81E+03,   22,    3.920,    0.000,  999,    0.000,    0.000,  999,    0.000, 2.95E+03,   13,    2.403,  768.458,   71,    0.626, 6.04E+03,   13,    4.923,  933.851,   35,    0.761, 3.57E+03,   22,    2.908, 1.70E+03,   26,    1.384, 4.81E+03,   22,    3.920, 9.31E+03,    9,    7.589, 2.95E+03,   13,    2.403, 6.81E+03,   12,    5.549
  5,   9,    0.000,  999,    0.000,    0.000,  999,    0.000, 1.16E+03,   10,    1.000,    0.000,  999,    0.000,  278.888,   74,    0.241,    0.000,  999,    0.000,    0.000,  999,    0.000, 2.17E+03,   34,    1.880,  663.532,    7,    0.574,    0.000,  999,    0.000,  437.036,   36,    0.378, 1.77E+03,   28,    1.531,  216.657,  172,    0.187, 2.04E+03,   16,    1.762,  816.001,   42,    0.706,  188.322,   26,    0.163,  134.912,  217,    0.117,   43.295,  451,  3.7E-02,  663.532,    7,    0.574, 2.85E+03,    7,    2.467, 1.16E+03,   10,    1.000, 2.17E+03,   34,    1.880,    0.000,  999,    0.000,  250.114,   98,    0.216,    0.000,  999,    0.000, 2.09E+03,   12,    1.805,   60.593,  141,  5.2E-02, 5.68E+03,   10,    4.913,  555.371,   35,    0.480, 2.31E+03,   18,    2.000, 1.33E+03,   22,    1.147,  250.114,   98,    0.216, 3.12E+03,   13,    2.697, 2.09E+03,   12,    1.805, 5.74E+03,    9,    4.965
  6,   5,    0.000,  999,    0.000,  254.508,  131,    0.138,  660.792,   68,    0.358, 1.18E+03,   39,    0.642,  109.794,  191,  6.0E-02,   66.950,  309,  3.6E-02,  478.075,  113,    0.259, 2.16E+03,   29,    1.171,    0.000,  999,    0.000,  531.982,    9,    0.288,    0.000,  999,    0.000, 1.31E+03,   43,    0.708,  420.516,   71,    0.228, 3.11E+03,    5,    1.685,    0.000,  999,    0.000,  128.583,   39,  7.0E-02,  659.697,   47,    0.358,  969.029,   23,    0.526,  531.982,    9,    0.288, 3.11E+03,    5,    1.685, 1.84E+03,    7,    1.000, 2.64E+03,   33,    1.430, 4.07E+03,   17,    2.205,    0.000,  999,    0.000, 1.11E+03,   44,    0.600, 1.77E+03,   29,    0.958,  942.730,   37,    0.511, 3.29E+03,   23,    1.783,  329.362,  109,    0.179, 1.94E+03,   30,    1.053,    0.000,  999,    0.000, 4.07E+03,   17,    2.205, 6.34E+03,   10,    3.437, 2.87E+03,   11,    1.558, 4.23E+03,   17,    2.295
  6,   9,  286.780,  112,    0.392,  136.994,  156,    0.187,  731.731,   17,    1.000,    0.000,  999,    0.000,  113.476,  116,    0.155,  106.977,  122,    0.146,  242.402,  278,    0.331, 1.93E+03,   39,    2.637,  416.796,   11,    0.570,    0.000,  999,    0.000,  315.418,   55,    0.431, 1.61E+03,   33,    2.201,  123.946,  284,    0.169, 1.53E+03,   18,    2.092,  548.912,   55,    0.750,   85.595,   44,    0.117,  160.811,  128,    0.220,  108.478,  148,    0.148,  416.796,   11,    0.570, 2.08E+03,    9,    2.842,  731.731,   17,    1.000, 2.17E+03,   54,    2.969,  284.486,  288,    0.389,    0.000,  999,    0.000,   60.681,  385,  8.3E-02, 2.25E+03,   17,    3.080,   41.612,  323,  5.7E-02, 3.18E+03,   22,    4.340,  690.823,   39,    0.944, 3.76E+03,   18,    5.134, 2.36E+03,   18,    3.227,  284.486,  288,    0.389, 4.73E+03,   13,    6.466, 2.31E+03,   13,    3.163, 3.22E+03,   21,    4.397
  7,   5,    0.000,  999,    0.000,   50.401,  660,  2.6E-02, 1.83E+03,   18,    0.961,   75.103,  435,  3.9E-02,   17.645,  999,  9.3E-03,  125.362,  169,  6.6E-02, 1.34E+03,   33,    0.706, 1.42E+03,   35,    0.748,  546.052,    8,    0.287,    0.000,  999,    0.000,  468.363,   30,    0.246, 1.74E+03,   27,    0.917,  320.412,   79,    0.168, 2.91E+03,    8,    1.529,  229.010,  110,    0.120,   78.031,   59,  4.1E-02,  137.137,  219,  7.2E-02,    0.000,  999,    0.000,  546.052,    8,    0.287, 3.14E+03,    5,    1.650, 1.90E+03,    6,    1.000, 2.77E+03,   26,    1.454,    0.000,  999,    0.000, 1.39E+03,   59,    0.733,  276.028,  133,    0.145, 2.99E+03,   15,    1.573,  239.202,  100,    0.126, 5.25E+03,   13,    2.761,  809.057,   45,    0.425, 3.86E+03,   20,    2.030, 1.31E+03,   25,    0.689, 1.39E+03,   59,    0.733, 6.07E+03,   11,    3.189, 3.27E+03,   11,    1.718, 5.49E+03,   12,    2.887
  7,   9,  256.434,   46,    0.406,  212.301,   81,    0.336,  108.871,  200,    0.173,  522.180,   43,    0.827,   74.951,  142,    0.119,  105.656,  102,    0.167,  415.912,   56,    0.659,  890.692,   30,    1.411,  322.576,    8,    0.511,    0.000,  999,    0.000,  372.742,   23,    0.591, 1.04E+03,   26,    1.648,  188.189,   67,    0.298, 1.56E+03,    7,    2.472,  213.430,   53,    0.338,   46.091,   55,  7.3E-02,  111.305,  144,    0.176,  130.329,   83,    0.207,  322.576,    8,    0.511, 1.77E+03,    5,    2.810,  631.051,   10,    1.000, 1.31E+03,   27,    2.071,  208.666,  121,    0.331,    0.000,  999,    0.000,    0.000,  999,    0.000, 1.33E+03,   15,    2.105,   25.976,  253,  4.1E-02, 2.47E+03,   15,    3.920,  410.664,   26,    0.651, 2.05E+03,   14,    3.253, 1.37E+03,   16,    2.170,  208.666,  121,    0.331, 2.67E+03,   12,    4.234, 1.33E+03,   15,    2.105, 2.50E+03,   14,    3.961
  8,   5,  126.755,  177,  5.5E-02,    0.000,  999,    0.000, 1.44E+03,   19,    0.623,  873.288,   31,    0.377,   94.314,  255,  4.1E-02,  116.068,  201,  5.0E-02, 1.54E+03,   29,    0.664, 2.67E+03,   19,    1.153,  509.409,    7,    0.220,    0.000,  999,    0.000,  806.444,   16,    0.348, 2.71E+03,   14,    1.167,   12.302,  999,  5.3E-03, 4.00E+03,    3,    1.724,    0.000,  999,    0.000,  143.174,   29,  6.2E-02,  355.616,   82,    0.153,    0.000,  999,    0.000,  509.409,    7,    0.220, 4.00E+03,    3,    1.724, 2.32E+03,    4,    1.000, 4.21E+03,   18,    1.817, 2.93E+03,   31,    1.265,    0.000,  999,    0.000,  900.037,   51,    0.388, 2.15E+03,   23,    0.926,  294.878,  105,    0.127, 2.21E+03,   26,    0.955,  592.872,   64,    0.256, 1.54E+03,   38,    0.666, 1.69E+03,   11,    0.727, 2.93E+03,   31,    1.265, 5.07E+03,   10,    2.187, 3.05E+03,    9,    1.314, 2.51E+03,   21,    1.082
  8,   9,  460.621,   36,    0.302,  111.286,  261,  7.3E-02,  579.614,   51,    0.381,  943.129,   32,    0.619,    0.000,  999,    0.000,  190.189,  102,    0.125,  739.192,   44,    0.485, 1.72E+03,   21,    1.131,  623.085,    4,    0.409,    0.000,  999,    0.000,  573.738,   18,    0.377, 2.42E+03,   14,    1.589,  204.124,   86,    0.134, 3.18E+03,    6,    2.089,   59.051,  380,  3.9E-02,  203.029,   17,    0.133,    0.000,  999,    0.000,  203.449,   67,    0.134,  623.085,    4,    0.409, 3.24E+03,    4,    2.128, 1.52E+03,    5,    1.000, 2.46E+03,   21,    1.616, 1.88E+03,   42,    1.234,    0.000,  999,    0.000,  560.018,   62,    0.368, 1.89E+03,   21,    1.238,  166.370,  136,    0.109, 1.89E+03,   25,    1.240,  633.087,   50,    0.416, 1.94E+03,   29,    1.273, 1.14E+03,   24,    0.747, 1.88E+03,   42,    1.234, 4.45E+03,   10,    2.923, 2.45E+03,   10,    1.606, 2.05E+03,   22,    1.349
  9,   5,    0.000,  999,    0.000,    0.000,  999,    0.000, 1.35E+03,   19,    0.581,  971.396,   27,    0.419,    0.000,  999,    0.000,  116.834,  190,  5.0E-02, 1.09E+03,   31,    0.472, 2.19E+03,   17,    0.943,  532.262,    6,    0.229,    0.000,  999,    0.000,  715.033,   15,    0.308, 2.51E+03,   14,    1.084,  164.308,  108,  7.1E-02, 4.06E+03,    6,    1.752,   41.679,  608,  1.8E-02,  151.922,   25,  6.6E-02,  479.069,   60,    0.207,  180.679,   83,  7.8E-02,  532.262,    6,    0.229, 4.11E+03,    3,    1.770, 2.32E+03,    4,    1.000, 3.28E+03,   16,    1.414, 3.40E+03,   31,    1.468,    0.000,  999,    0.000,  413.329,  128,    0.178, 3.02E+03,   19,    1.302,  123.629,  295,  5.3E-02, 4.90E+03,   12,    2.112, 1.22E+03,   33,    0.526, 2.76E+03,   24,    1.190, 2.59E+03,    7,    1.118, 3.40E+03,   31,    1.468, 7.39E+03,    7,    3.184, 3.43E+03,    9,    1.480, 5.02E+03,   11,    2.165
  9,   6,  266.977,   63,    0.134,  334.336,   93,    0.168,  793.233,   37,    0.399, 1.19E+03,   25,    0.601,    0.000,  999,    0.000,   53.245,  383,  2.7E-02,  578.211,   60,    0.291, 2.29E+03,   17,    1.150,  449.273,    6,    0.226,    0.000,  999,    0.000,  709.813,   15,    0.357, 2.12E+03,   16,    1.068,  116.189,  157,  5.8E-02, 3.50E+03,    6,    1.763,  172.195,  134,  8.7E-02,  143.533,   25,  7.2E-02,    0.000,  999,    0.000,    0.000,  999,    0.000,  449.273,    6,    0.226, 3.68E+03,    3,    1.850, 1.99E+03,    4,    1.000, 2.86E+03,   20,    1.441, 2.78E+03,   20,    1.400,    0.000,  999,    0.000,  608.809,   68,    0.306, 2.18E+03,   20,    1.096,  175.025,  171,  8.8E-02, 2.81E+03,   19,    1.416,  832.458,   39,    0.419,    0.000,  999,    0.000, 3.65E+03,    5,    1.836, 2.78E+03,   20,    1.400, 3.61E+03,   12,    1.819, 2.79E+03,    9,    1.402, 2.99E+03,   17,    1.504
  9,   7,  216.096,   80,    0.107,    0.000,  999,    0.000, 1.08E+03,   27,    0.538,  931.295,   32,    0.462,    0.000,  999,    0.000,  166.785,  124,  8.3E-02, 1.35E+03,   26,    0.668, 1.63E+03,   23,    0.810,  523.186,    6,    0.260,    0.000,  999,    0.000,  517.018,   21,    0.257, 2.53E+03,   14,    1.256,    1.342,  999,  6.7E-04, 3.40E+03,    3,    1.690,    0.000,  999,    0.000,  202.679,   19,    0.101,  288.207,   95,    0.143,  216.570,   69,    0.107,  523.186,    6,    0.260, 3.40E+03,    3,    1.690, 2.01E+03,    4,    1.000, 2.98E+03,   18,    1.477, 2.52E+03,   32,    1.249,    0.000,  999,    0.000,  463.033,  101,    0.230, 2.62E+03,   19,    1.298,  328.077,   97,    0.163, 4.06E+03,   14,    2.017,  896.767,   42,    0.445,  924.437,   56,    0.459, 4.31E+03,    5,    2.141, 2.52E+03,   32,    1.249, 4.34E+03,   11,    2.153, 3.08E+03,    9,    1.528, 4.39E+03,   12,    2.180
  9,   8,  259.773,   56,    0.132,    0.000,  999,    0.000,  268.000,  120,    0.136, 1.70E+03,   20,    0.864,    0.000,  999,    0.000,   38.555,  533,  2.0E-02,  892.434,   34,    0.453, 1.58E+03,   21,    0.803,  591.814,    5,    0.300,    0.000,  999,    0.000,  404.542,   24,    0.205, 1.81E+03,   18,    0.919,    0.000,  999,    0.000, 3.65E+03,    5,    1.851,    5.774,  999,  2.9E-03,  205.391,   17,    0.104,   37.591,  707,  1.9E-02,  557.197,   25,    0.283,  591.814,    5,    0.300, 3.65E+03,    3,    1.854, 1.97E+03,    4,    1.000, 2.48E+03,   20,    1.256, 2.38E+03,   38,    1.206,    0.000,  999,    0.000,  502.287,   82,    0.255, 2.63E+03,   18,    1.336,  371.277,   71,    0.188, 5.34E+03,   11,    2.708,  914.352,   43,    0.464, 3.27E+03,   21,    1.661, 1.43E+03,   27,    0.726, 2.38E+03,   38,    1.206, 6.56E+03,   10,    3.331, 3.14E+03,   10,    1.591, 5.71E+03,   10,    2.897
  9,   9,  462.127,   51,    0.244,    0.000,  999,    0.000,  889.197,   45,    0.469, 1.01E+03,   40,    0.531,    0.000,  999,    0.000,    0.000,  999,    0.000, 2.23E+03,   23,    1.174, 1.94E+03,   29,    1.022,  678.442,    5,    0.358,    0.000,  999,    0.000,  774.120,   16,    0.408, 3.13E+03,   14,    1.649,  481.044,   57,    0.254, 3.66E+03,    3,    1.931,    0.000,  999,    0.000,  267.479,   15,    0.141,    0.000,  999,    0.000,  204.792,   82,    0.108,  678.442,    5,    0.358, 3.66E+03,    3,    1.931, 1.90E+03,    4,    1.000, 4.16E+03,   22,    2.196, 2.80E+03,   38,    1.476,    0.000,  999,    0.000,  501.716,   90,    0.265, 2.89E+03,   18,    1.524,  440.409,   66,    0.232, 6.46E+03,   10,    3.407, 1.03E+03,   41,    0.546, 5.61E+03,   16,    2.958,  174.132,  190,  9.2E-02, 2.80E+03,   38,    1.476, 9.44E+03,    7,    4.980, 3.39E+03,    9,    1.788, 6.90E+03,    9,    3.639
  4,   4, 2.86E+03,   22,    1.531,  129.937,  358,  7.0E-02,    0.000,  999,    0.000, 1.87E+03,   11,    1.000,  119.465,  251,  6.4E-02,   14.492,  999,  7.8E-03, 1.41E+03,   89,    0.754, 2.22E+03,   64,    1.189,  840.301,    9,    0.451,    0.000,  999,    0.000, 1.15E+03,   26,    0.615, 2.52E+03,   34,    1.351,    0.000,  999,    0.000, 3.14E+03,    8,    1.682,    0.000,  999,    0.000,  127.018,   58,  6.8E-02,  371.558,  116,    0.199,  259.447,  127,    0.139,  840.301,    9,    0.451, 3.14E+03,    8,    1.682, 1.87E+03,   11,    1.000, 3.62E+03,   63,    1.943, 3.46E+03,   29,    1.853,    0.000,  999,    0.000,  626.961,   89,    0.336, 3.05E+03,   21,    1.636,  696.553,   57,    0.373, 5.60E+03,   17,    3.004, 1.17E+03,   40,    0.627, 4.23E+03,   10,    2.270,    0.000,  999,    0.000, 3.46E+03,   29,    1.853, 8.86E+03,   10,    4.750, 3.68E+03,   12,    1.972, 6.30E+03,   15,    3.377
  4,   5,    0.000,  999,    0.000,  161.489,  225,    0.104,    0.000,  999,    0.000, 1.55E+03,   10,    1.000,   90.695,  256,  5.8E-02,  264.675,   85,    0.171, 1.59E+03,   53,    1.025,  561.189,  167,    0.362,    0.000,  999,    0.000,  747.591,    8,    0.482,    0.000,  999,    0.000, 1.90E+03,   37,    1.225,    0.000,  999,    0.000, 2.98E+03,    6,    1.923,    0.000,  999,    0.000,  279.819,   20,    0.180,  910.576,   38,    0.587, 1.56E+03,   16,    1.003,  747.591,    8,    0.482, 2.98E+03,    6,    1.923, 1.55E+03,   10,    1.000, 2.15E+03,   68,    1.387, 3.83E+03,   20,    2.467,    0.000,  999,    0.000,    0.000,  999,    0.000, 1.87E+03,   17,    1.203,  947.845,   45,    0.611, 3.34E+03,   21,    2.152,  608.027,   39,    0.392, 2.14E+03,   27,    1.382, 1.96E+03,   16,    1.262, 3.83E+03,   20,    2.467, 6.58E+03,   12,    4.241, 1.87E+03,   17,    1.203, 4.28E+03,   18,    2.763
  4,   6,  279.391,  108,    0.231,  288.362,  103,    0.238,    0.000,  999,    0.000, 1.21E+03,   12,    1.000,   65.070,  283,  5.4E-02,  134.104,  136,    0.111,  565.486,  110,    0.467,   53.131,  999,  4.4E-02,    0.000,  999,    0.000,  589.900,    9,    0.487,  510.937,   38,    0.422, 1.64E+03,   39,    1.350,    0.000,  999,    0.000, 2.00E+03,   13,    1.652,  465.989,   61,    0.385,  134.950,   37,    0.111,  544.480,   53,    0.449,  806.116,   27,    0.665,  589.900,    9,    0.487, 2.47E+03,    8,    2.037, 1.21E+03,   12,    1.000,  618.617,  159,    0.511, 4.51E+03,   29,    3.723,    0.000,  999,    0.000, 1.12E+03,   55,    0.927, 2.60E+03,   27,    2.143,  687.448,   62,    0.567, 4.63E+03,   20,    3.823,  888.077,   60,    0.733,  757.652,  107,    0.625, 1.25E+03,   37,    1.033, 4.51E+03,   29,    3.723, 6.16E+03,   15,    5.081, 3.72E+03,   12,    3.070, 5.32E+03,   16,    4.391
  4,   7,  976.495,   58,    0.781,  304.833,  107,    0.244,  898.875,   92,    0.719,  351.556,  239,    0.281,  199.651,  101,    0.160,  120.367,  166,  9.6E-02, 1.21E+03,  103,    0.969,  658.491,  212,    0.527,    0.000,  999,    0.000,  679.287,   11,    0.543,  674.109,   45,    0.539, 2.17E+03,   42,    1.733,  294.015,  222,    0.235, 2.68E+03,    9,    2.147,    0.000,  999,    0.000,  106.071,   55,  8.5E-02,  343.917,   92,    0.275,  897.561,   32,    0.718,  679.287,   11,    0.543, 2.68E+03,    9,    2.147, 1.25E+03,   16,    1.000, 1.87E+03,  118,    1.495, 2.23E+03,   49,    1.780,    0.000,  999,    0.000,  404.127,  104,    0.323, 2.39E+03,   24,    1.912,  353.182,   76,    0.282, 4.50E+03,   21,    3.597,  770.597,   43,    0.616, 3.33E+03,   25,    2.665, 1.07E+03,   50,    0.855, 2.23E+03,   49,    1.780, 6.33E+03,   15,    5.062, 2.80E+03,   16,    2.236, 4.85E+03,   19,    3.880
  4,   8,  689.584,   49,    0.579,    0.000,  999,    0.000, 1.19E+03,   11,    1.000,    0.000,  999,    0.000,  124.543,  175,    0.105,   64.761,  328,  5.4E-02, 1.01E+03,   67,    0.844, 1.88E+03,   40,    1.575,  610.555,    9,    0.513,    0.000,  999,    0.000,  752.228,   25,    0.632, 2.05E+03,   31,    1.720,  102.659,  351,  8.6E-02, 2.10E+03,   13,    1.765,  494.340,   64,    0.415,    0.000,  999,    0.000,    0.000,  999,    0.000,    0.000,  999,    0.000,  610.555,    9,    0.513, 2.60E+03,    8,    2.180, 1.19E+03,   11,    1.000, 2.88E+03,   40,    2.420, 3.45E+03,   36,    2.897,    0.000,  999,    0.000,  617.115,   99,    0.518, 4.07E+03,   17,    3.422,  621.088,   66,    0.522, 6.43E+03,   15,    5.403, 1.31E+03,   41,    1.103, 3.86E+03,   26,    3.241, 4.74E+03,   16,    3.978, 3.45E+03,   36,    2.897, 8.62E+03,   12,    7.241, 4.69E+03,   10,    3.940, 7.05E+03,   13,    5.925
  4,   9, 1.56E+03,   75,    0.940,    0.000,  999,    0.000, 1.66E+03,   10,    1.000,    0.000,  999,    0.000,  328.927,   91,    0.199,   82.970,  352,  5.0E-02, 3.30E+03,   47,    1.994, 1.35E+03,  140,    0.814,  953.249,    7,    0.576,    0.000,  999,    0.000, 1.04E+03,   28,    0.630, 3.45E+03,   20,    2.082, 2.54E+03,   49,    1.536, 3.40E+03,    8,    2.054,    0.000,  999,    0.000,  247.638,   28,    0.150,  147.591,  280,  8.9E-02,    0.000,  999,    0.000,  953.249,    7,    0.576, 3.40E+03,    8,    2.054, 1.66E+03,   10,    1.000, 4.65E+03,   63,    2.808, 3.25E+03,   34,    1.962,    0.000,  999,    0.000,  420.579,  130,    0.254, 2.06E+03,   28,    1.243,  846.331,   44,    0.511, 4.68E+03,   19,    2.827,  582.967,   63,    0.352, 2.10E+03,   41,    1.267, 1.61E+03,   27,    0.972, 3.25E+03,   34,    1.962, 5.93E+03,   18,    3.582, 2.48E+03,   13,    1.497, 5.53E+03,   15,    3.338
  4,  10, 5.05E+03,   18,    2.669,    0.000,  999,    0.000,  514.145,  224,    0.272, 1.38E+03,   83,    0.728,  253.606,  108,    0.134,  156.283,  170,  8.3E-02, 4.40E+03,   38,    2.326, 1.22E+03,  164,    0.643,  927.080,    7,    0.490,    0.000,  999,    0.000,  584.293,   53,    0.309, 3.97E+03,   19,    2.096,  729.541,  123,    0.386, 2.49E+03,   19,    1.315,  589.720,   84,    0.312,  256.567,   25,    0.136,  524.328,   74,    0.277,  744.353,   38,    0.393,  927.080,    7,    0.490, 3.08E+03,    7,    1.627, 1.89E+03,    8,    1.000, 5.62E+03,   59,    2.969, 6.60E+03,   14,    3.486,    0.000,  999,    0.000,    0.000,  999,    0.000, 1.52E+03,   18,    0.804, 1.40E+03,   34,    0.738, 2.72E+03,   22,    1.438,  516.199,   36,    0.273, 2.83E+03,   16,    1.495,  596.110,   58,    0.315, 6.60E+03,   14,    3.486, 9.94E+03,   10,    5.254, 1.52E+03,   18,    0.804, 4.12E+03,   16,    2.175
  5,   4,  550.471,   65,    0.273,   14.594,  999,  7.2E-03,    0.000,  999,    0.000, 2.02E+03,    8,    1.000,   38.395,  705,  1.9E-02,  105.869,  250,  5.3E-02,  774.110,   98,    0.384, 2.15E+03,   40,    1.065,  732.927,    9,    0.364,    0.000,  999,    0.000,  243.395,   90,    0.121, 1.43E+03,   52,    0.710,    0.000,  999,    0.000, 3.05E+03,   12,    1.515,  129.225,  323,  6.4E-02,  175.981,   37,  8.7E-02,  557.073,   72,    0.276, 1.51E+03,   18,    0.750,  732.927,    9,    0.364, 3.18E+03,    7,    1.579, 2.02E+03,    8,    1.000, 2.92E+03,   44,    1.449, 5.78E+03,   23,    2.867,    0.000,  999,    0.000,  890.362,   81,    0.442, 3.43E+03,   22,    1.703, 1.41E+03,   38,    0.701, 7.03E+03,   15,    3.486, 1.24E+03,   41,    0.616, 3.27E+03,   15,    1.623,    0.000,  999,    0.000, 5.78E+03,   23,    2.867, 1.03E+04,   10,    5.107, 4.32E+03,   12,    2.145, 8.44E+03,   12,    4.187
  5,  10, 1.51E+03,   38,    1.367,    0.000,  999,    0.000, 1.11E+03,   12,    1.000,    0.000,  999,    0.000,  179.753,  134,    0.162,  128.840,  181,    0.116, 4.48E+03,   30,    4.047, 2.47E+03,   64,    2.232,  642.068,    8,    0.580,    0.000,  999,    0.000,  192.058,  135,    0.173, 2.22E+03,   27,    2.005,    0.000,  999,    0.000, 2.45E+03,   17,    2.207,  640.243,   66,    0.578,  199.538,   29,    0.180,  345.175,   98,    0.312,  597.993,   42,    0.540,  642.068,    8,    0.580, 3.09E+03,    6,    2.785, 1.11E+03,   12,    1.000, 6.96E+03,   38,    6.279, 2.46E+03,   16,    2.216,    0.000,  999,    0.000,    0.000,  999,    0.000, 1.38E+03,   17,    1.243,  810.655,   34,    0.732, 3.51E+03,   15,    3.165,  400.653,   41,    0.362,    0.000,  999,    0.000, 1.37E+03,   23,    1.240, 2.46E+03,   16,    2.216, 2.86E+03,   14,    2.578, 1.38E+03,   17,    1.243, 4.32E+03,   13,    3.896
  6,   4, 1.07E+03,   31,    0.487,  157.605,  260,  7.2E-02, 2.19E+03,    7,    1.000,    0.000,  999,    0.000,   46.055,  561,  2.1E-02,  237.073,  108,    0.108, 1.61E+03,   40,    0.735, 2.61E+03,   28,    1.189,  682.671,    9,    0.311,    0.000,  999,    0.000,  609.890,   33,    0.278, 3.01E+03,   23,    1.372,    0.000,  999,    0.000, 3.52E+03,   10,    1.605,  206.088,  184,  9.4E-02,  153.397,   39,  7.0E-02,  352.450,  106,    0.161,  491.118,   54,    0.224,  682.671,    9,    0.311, 3.73E+03,    6,    1.699, 2.19E+03,    7,    1.000, 4.22E+03,   25,    1.923, 6.83E+03,   19,    3.111,    0.000,  999,    0.000,    0.000,  999,    0.000, 4.87E+03,   11,    2.220, 1.95E+03,   35,    0.888, 1.12E+04,    9,    5.095, 1.46E+03,   34,    0.665, 9.68E+03,    5,    4.411,    0.000,  999,    0.000, 6.83E+03,   19,    3.111, 1.80E+04,    5,    8.188, 4.87E+03,   11,    2.220, 1.31E+04,    8,    5.984
  6,  10,  213.875,  115,    0.279,  190.588,  120,    0.249,  766.117,   11,    1.000,    0.000,  999,    0.000,   47.826,  308,  6.2E-02,  145.496,   99,    0.190, 1.56E+03,   41,    2.031, 3.43E+03,   21,    4.477,  440.510,    8,    0.575,    0.000,  999,    0.000,  146.647,   90,    0.191, 1.29E+03,   30,    1.684,    0.000,  999,    0.000, 1.31E+03,   20,    1.705, 1.10E+03,   23,    1.431,  147.727,   24,    0.193,  389.223,   55,    0.508,  431.056,   33,    0.563,  440.510,    8,    0.575, 2.40E+03,    5,    3.136,  766.117,   11,    1.000, 4.99E+03,   24,    6.509, 1.07E+03,   31,    1.397,    0.000,  999,    0.000,   62.425,  323,  8.1E-02, 1.56E+03,   16,    2.030,  189.537,   75,    0.247, 3.24E+03,   14,    4.235,  482.936,   35,    0.630,    0.000,  999,    0.000, 2.42E+03,    7,    3.157, 1.07E+03,   31,    1.397, 1.55E+03,   19,    2.027, 1.62E+03,   13,    2.111, 3.43E+03,   13,    4.482
  7,   4,    0.000,  999,    0.000,  320.890,  124,    0.138, 1.95E+03,   21,    0.837,  378.428,  111,    0.163,    0.000,  999,    0.000,  114.534,  225,  4.9E-02, 1.20E+03,   40,    0.515, 2.57E+03,   21,    1.104,  623.584,    7,    0.268,    0.000,  999,    0.000,  394.192,   39,    0.170, 1.41E+03,   37,    0.605,   50.459,  508,  2.2E-02, 3.83E+03,    7,    1.649,  464.922,   63,    0.200,  111.888,   47,  4.8E-02,  121.272,  306,  5.2E-02,  113.463,  195,  4.9E-02,  623.584,    7,    0.268, 4.30E+03,    4,    1.849, 2.32E+03,    5,    1.000, 3.76E+03,   21,    1.620, 2.09E+03,   30,    0.901,    0.000,  999,    0.000,    0.000,  999,    0.000, 3.54E+03,   11,    1.524,  445.100,   52,    0.191, 9.23E+03,    8,    3.971, 1.19E+03,   23,    0.510, 4.87E+03,    8,    2.093,    0.000,  999,    0.000, 2.09E+03,   30,    0.901, 8.15E+03,    8,    3.504, 3.54E+03,   11,    1.524, 9.68E+03,    8,    4.163
  7,  10,  500.873,   32,    0.526,  102.618,  230,    0.108,  425.012,   73,    0.446,  526.876,   60,    0.554,    0.000,  999,    0.000,  135.216,  112,    0.142,  761.701,   42,    0.800,  687.178,   51,    0.722,  459.841,    6,    0.483,    0.000,  999,    0.000,  369.372,   27,    0.388, 1.39E+03,   24,    1.456,  136.048,  128,    0.143, 2.57E+03,    7,    2.697,    9.998,  999,  1.1E-02,  120.323,   27,    0.126,  458.494,   48,    0.482,  654.424,   20,    0.688,  459.841,    6,    0.483, 2.58E+03,    5,    2.708,  951.888,    8,    1.000, 1.45E+03,   35,    1.522, 3.63E+03,   26,    3.809,    0.000,  999,    0.000,  581.105,   75,    0.610, 1.96E+03,   24,    2.062,  376.928,   80,    0.396, 3.58E+03,   15,    3.759,  848.662,   36,    0.892, 2.27E+03,   25,    2.386,  557.299,   49,    0.585, 3.63E+03,   26,    3.809, 6.75E+03,    9,    7.086, 2.54E+03,   10,    2.673, 3.96E+03,   12,    4.155
  8,   4,    0.000,  999,    0.000,  134.312,  318,  5.8E-02, 1.30E+03,   32,    0.558, 1.03E+03,   42,    0.442,    0.000,  999,    0.000,   34.278,  805,  1.5E-02, 1.10E+03,   47,    0.472, 2.72E+03,   22,    1.164,  607.457,    8,    0.260,    0.000,  999,    0.000,  495.184,   34,    0.212, 1.60E+03,   36,    0.685,  738.336,   40,    0.317, 3.90E+03,    7,    1.671,  469.682,   57,    0.201,  125.128,   45,  5.4E-02,   31.092,  999,  1.3E-02,  410.655,   59,    0.176,  607.457,    8,    0.260, 4.37E+03,    5,    1.872, 2.33E+03,    6,    1.000, 3.82E+03,   23,    1.637, 4.21E+03,   17,    1.805,    0.000,  999,    0.000,    0.000,  999,    0.000, 4.41E+03,   10,    1.890, 1.24E+03,   49,    0.533, 1.17E+04,    9,    4.996, 1.73E+03,   24,    0.743,    0.000,  999,    0.000, 3.52E+03,    9,    1.507, 4.21E+03,   17,    1.805, 5.94E+03,   12,    2.548, 4.41E+03,   10,    1.890, 1.29E+04,    8,    5.528
  8,  10,  498.276,   40,    0.332,    0.000,  999,    0.000,  527.636,   60,    0.352,  972.518,   33,    0.648,    0.000,  999,    0.000,   88.670,  219,  5.9E-02, 1.35E+03,   28,    0.897, 1.84E+03,   23,    1.223,  504.365,    6,    0.336,    0.000,  999,    0.000,  517.012,   20,    0.345, 1.98E+03,   16,    1.320,  136.253,  151,  9.1E-02, 3.26E+03,    3,    2.176,    0.000,  999,    0.000,  237.578,   14,    0.158,  489.723,   51,    0.326,  674.684,   20,    0.450,  504.365,    6,    0.336, 3.26E+03,    3,    2.176, 1.50E+03,    5,    1.000, 3.18E+03,   21,    2.121, 1.29E+03,   52,    0.857,    0.000,  999,    0.000,   61.350,  458,  4.1E-02, 2.02E+03,   16,    1.344,  203.736,   89,    0.136, 3.87E+03,   11,    2.580,  797.696,   30,    0.532, 3.84E+03,   15,    2.562, 1.84E+03,   11,    1.228, 1.29E+03,   52,    0.857, 5.93E+03,    7,    3.951, 2.08E+03,   10,    1.385, 4.07E+03,   10,    2.716
  9,   4,  587.311,   38,    0.241,   93.769,  415,  3.8E-02,  899.934,   22,    0.369, 1.54E+03,   12,    0.631,    0.000,  999,    0.000,   76.271,  348,  3.1E-02, 1.55E+03,   30,    0.636, 2.69E+03,   19,    1.105,  740.699,    5,    0.304,    0.000,  999,    0.000,  768.152,   17,    0.315, 2.72E+03,   17,    1.118,  409.796,   61,    0.168, 4.32E+03,    5,    1.772,  225.883,   99,  9.3E-02,  251.702,   19,    0.103,  353.342,   96,    0.145,    0.000,  999,    0.000,  740.699,    5,    0.304, 4.54E+03,    3,    1.865, 2.44E+03,    4,    1.000, 4.24E+03,   18,    1.741, 2.21E+03,   25,    0.908,    0.000,  999,    0.000,  231.090,  175,  9.5E-02, 3.07E+03,   15,    1.259,  222.462,  126,  9.1E-02, 6.69E+03,   10,    2.746,  902.752,   41,    0.371,  689.763,   65,    0.283, 5.89E+03,    7,    2.420, 2.21E+03,   25,    0.908, 3.80E+03,   13,    1.562, 3.30E+03,    8,    1.354, 6.91E+03,   10,    2.837
  9,  10,  357.193,   52,    0.230,    0.000,  999,    0.000, 1.12E+03,   23,    0.723,  429.315,   59,    0.277,    0.000,  999,    0.000,    0.000,  999,    0.000,  611.192,   65,    0.394, 1.10E+03,   41,    0.708,  450.301,    6,    0.291,    0.000,  999,    0.000,  414.649,   24,    0.268, 1.67E+03,   20,    1.080,    0.000,  999,    0.000, 2.42E+03,    6,    1.564,   42.755,  373,  2.8E-02,  136.459,   23,  8.8E-02,  310.800,   71,    0.201,  939.504,   13,    0.606,  450.301,    6,    0.291, 2.47E+03,    4,    1.591, 1.55E+03,    5,    1.000, 1.71E+03,   42,    1.102, 5.76E+03,   12,    3.717,    0.000,  999,    0.000, 1.60E+03,   23,    1.031, 1.80E+03,   16,    1.163, 1.67E+03,   17,    1.079, 4.61E+03,   10,    2.975,  574.436,   62,    0.371, 4.06E+03,    9,    2.619,    0.000,  999,    0.000, 5.76E+03,   12,    3.717, 1.04E+04,    4,    6.706, 3.40E+03,    7,    2.194, 6.28E+03,    6,    4.054
 10,   4,  193.704,   62,    0.180,    0.000,  999,    0.000,  192.491,  117,    0.178,  886.351,   27,    0.822,    0.000,  999,    0.000,    0.000,  999,    0.000,  837.879,   29,    0.777,  904.872,   29,    0.839,  330.558,    6,    0.306,    0.000,  999,    0.000,  464.782,   17,    0.431, 1.42E+03,   22,    1.316,   90.947,  141,  8.4E-02, 2.03E+03,    5,    1.883,  234.094,   50,    0.217,   97.704,   28,  9.1E-02,    0.000,  999,    0.000,  222.520,   52,    0.206,  330.558,    6,    0.306, 2.27E+03,    4,    2.100, 1.08E+03,    5,    1.000, 1.74E+03,   23,    1.615,  941.573,   53,    0.873,    0.000,  999,    0.000,  194.659,  118,    0.180, 1.28E+03,   20,    1.190,  147.294,  100,    0.137, 1.05E+03,   42,    0.977,  411.658,   46,    0.382, 2.15E+03,   19,    1.994, 2.22E+03,    8,    2.055,  941.573,   53,    0.873, 3.50E+03,   18,    3.249, 1.48E+03,   16,    1.370, 1.20E+03,   35,    1.114
 10,   5,   73.021,  167,  5.0E-02,  201.781,  126,    0.139, 1.22E+03,   17,    0.839,  233.537,   93,    0.161,    0.000,  999,    0.000,    2.528,  999,  1.7E-03,  508.440,   48,    0.350, 1.23E+03,   23,    0.847,  333.690,    8,    0.230,    0.000,  999,    0.000,  278.073,   31,    0.191, 1.01E+03,   31,    0.693,    0.000,  999,    0.000, 2.21E+03,    9,    1.523,  485.630,   39,    0.334,   30.148,  106,  2.1E-02,    0.000,  999,    0.000,  331.916,   42,    0.228,  333.690,    8,    0.230, 2.70E+03,    4,    1.857, 1.45E+03,    6,    1.000, 1.74E+03,   22,    1.197, 1.23E+04,   18,    8.490,    0.000,  999,    0.000, 2.36E+03,   38,    1.622, 3.23E+03,   24,    2.219, 3.25E+03,   21,    2.233, 8.32E+03,   12,    5.726, 1.05E+03,   63,    0.725, 7.25E+03,   17,    4.986,    0.000,  999,    0.000, 1.23E+04,   18,    8.490, 2.06E+04,    8,   14.201, 5.58E+03,   12,    3.841, 1.16E+04,    8,    7.958
 10,   6,  126.687,   82,  7.3E-02,    0.000,  999,    0.000,  412.951,   59,    0.237, 1.33E+03,   19,    0.763,    0.000,  999,    0.000,   23.540,  627,  1.3E-02,  532.972,   40,    0.306, 1.62E+03,   15,    0.930,  365.565,    6,    0.210,    0.000,  999,    0.000,  269.609,   26,    0.155, 1.20E+03,   19,    0.689,    8.745,  999,  5.0E-03, 2.45E+03,    5,    1.404,  289.293,   41,    0.166,  110.423,   24,  6.3E-02,  282.119,   69,    0.162,  620.705,   18,    0.356,  365.565,    6,    0.210, 2.74E+03,    3,    1.570, 1.74E+03,    4,    1.000, 2.15E+03,   15,    1.236, 1.54E+03,   34,    0.884,    0.000,  999,    0.000,  251.012,  109,    0.144, 1.67E+03,   18,    0.955,  202.461,   92,    0.116, 3.07E+03,   13,    1.759,  549.595,   41,    0.315, 1.11E+03,   34,    0.637, 1.71E+03,   14,    0.978, 1.54E+03,   34,    0.884, 3.20E+03,   11,    1.837, 1.92E+03,   10,    1.099, 3.27E+03,   11,    1.875
 10,   7,  254.237,   56,    0.154,    0.000,  999,    0.000,  568.913,   52,    0.346, 1.08E+03,   28,    0.654,    0.000,  999,    0.000,   96.055,  170,  5.8E-02,  878.497,   33,    0.534, 1.27E+03,   25,    0.770,  409.535,    6,    0.249,    0.000,  999,    0.000,  368.601,   23,    0.224, 1.61E+03,   17,    0.980,   63.492,  244,  3.9E-02, 2.34E+03,    6,    1.422,  315.125,   53,    0.191,  138.096,   22,  8.4E-02,  394.082,   55,    0.239,  489.897,   26,    0.298,  409.535,    6,    0.249, 2.66E+03,    4,    1.614, 1.65E+03,    4,    1.000, 2.15E+03,   22,    1.304, 1.99E+03,   30,    1.208,    0.000,  999,    0.000,  361.185,   85,    0.219, 1.55E+03,   22,    0.942,  400.638,   52,    0.243, 3.44E+03,   12,    2.088,  536.773,   48,    0.326,  988.987,   39,    0.601, 1.33E+03,   12,    0.807, 1.99E+03,   30,    1.208, 3.51E+03,   10,    2.135, 1.91E+03,   10,    1.162, 3.84E+03,   10,    2.332
 10,   8,    0.756,  999,  5.7E-04,    0.000,  999,    0.000,  314.121,   71,    0.239, 1.00E+03,   23,    0.761,    0.000,  999,    0.000,  156.414,   91,    0.119,  543.108,   52,    0.412,  957.117,   33,    0.727,  387.168,    6,    0.294,    0.000,  999,    0.000,  338.698,   23,    0.257, 1.29E+03,   20,    0.983,  229.463,   69,    0.174, 2.09E+03,    7,    1.585,  238.249,   60,    0.181,  172.944,   15,    0.131,  672.879,   27,    0.511,  379.005,   28,    0.288,  387.168,    6,    0.294, 2.33E+03,    4,    1.766, 1.32E+03,    4,    1.000, 1.50E+03,   33,    1.139, 2.02E+03,   33,    1.538,    0.000,  999,    0.000,  531.821,   58,    0.404, 1.54E+03,   22,    1.170,  344.455,   57,    0.262, 3.36E+03,   12,    2.554,  514.496,   58,    0.391, 1.96E+03,   22,    1.487,  769.371,   24,    0.584, 2.02E+03,   33,    1.538, 4.50E+03,    8,    3.416, 2.07E+03,    9,    1.574, 3.71E+03,   10,    2.816
 10,   9,  159.056,  124,    0.162,    0.000,  999,    0.000,  983.461,    8,    1.000,    0.000,  999,    0.000,   34.447,  413,  3.5E-02,    0.000,  999,    0.000,    0.000,  999,    0.000,  150.192,  273,    0.153,  260.417,   10,    0.265,    0.000,  999,    0.000,  414.687,   22,    0.422, 1.77E+03,   19,    1.804,  362.697,   82,    0.369, 1.42E+03,   12,    1.442,  253.711,   63,    0.258,   79.830,   34,  8.1E-02,    0.000,  999,    0.000,  382.208,   31,    0.389,  260.417,   10,    0.265, 1.67E+03,    7,    1.700,  983.461,    8,    1.000,  150.192,  273,    0.153, 3.18E+03,   21,    3.237,    9.402,  999,  9.6E-03,    0.000,  999,    0.000, 2.20E+03,   10,    2.240, 1.46E+03,   14,    1.481, 4.38E+03,   10,    4.450,  686.025,   26,    0.698, 3.23E+03,    7,    3.284,    0.000,  999,    0.000, 3.19E+03,   18,    3.247, 7.11E+03,    6,    7.228, 2.20E+03,   10,    2.240, 5.83E+03,    6,    5.931
 10,  10,    0.000,  999,    0.000,    6.312,  999,  1.2E-02,  387.734,   38,    0.743,  133.849,  107,    0.257,   43.180,  115,  8.3E-02,   34.736,  142,  6.7E-02,  463.692,   69,    0.889,  120.659,  291,    0.231,  135.573,   15,    0.260,    0.000,  999,    0.000,  192.473,   40,    0.369, 1.15E+03,   22,    2.208,    0.000,  999,    0.000,  430.182,   22,    0.825,  212.018,   50,    0.406,    9.780,  148,  1.9E-02,   64.623,  121,    0.124,  222.825,   43,    0.427,  135.573,   15,    0.260,  642.200,   17,    1.231,  521.583,   12,    1.000,  584.350,   97,    1.120, 6.19E+03,   14,   11.867,  111.168,   91,    0.213, 2.13E+03,   13,    4.087,    0.000,  999,    0.000,  845.592,   29,    1.621, 2.07E+03,   23,    3.965,    0.000,  999,    0.000, 3.58E+03,   13,    6.873, 3.81E+03,   10,    7.296, 6.30E+03,   13,   12.080, 9.89E+03,    8,   18.953, 2.13E+03,   13,    4.087, 2.91E+03,   15,    5.586
  3,   3,  337.919,   62,    0.866,   55.558,  119,    0.142,    0.000,  999,    0.000,  390.005,   24,    1.000,   35.161,  113,  9.0E-02,   33.069,  120,  8.5E-02,    0.000,  999,    0.000,    0.000,  999,    0.000,    0.000,  999,    0.000,  122.638,   28,    0.314,   45.624,  285,    0.117,  206.780,  203,    0.530,    0.000,  999,    0.000,    0.000,  999,    0.000,  408.792,   34,    1.048,   11.906,  109,  3.1E-02,   54.152,  121,    0.139,  201.519,   48,    0.517,  122.638,   28,    0.314,  408.792,   37,    1.048,  390.005,   24,    1.000,    0.000,  999,    0.000, 5.73E+03,   25,   14.692,    0.000,  999,    0.000, 1.92E+03,   21,    4.929, 1.54E+03,   26,    3.954,  812.934,   41,    2.084, 3.06E+03,   27,    7.835,  127.904,  507,    0.328, 1.56E+03,   50,    3.998, 4.07E+03,   17,   10.425, 5.73E+03,   25,   14.692, 7.42E+03,   13,   19.018, 3.46E+03,   11,    8.882, 3.87E+03,   20,    9.920
  3,   4, 1.72E+03,   61,    0.956,    0.000,  999,    0.000,    0.000,  999,    0.000, 1.80E+03,   10,    1.000,  160.206,  123,  8.9E-02,  112.032,  174,  6.2E-02, 1.16E+04,   17,    6.481, 8.50E+03,   27,    4.728,  613.097,   12,    0.341,    0.000,  999,    0.000,  831.910,   45,    0.463, 6.02E+03,   13,    3.350,    0.000,  999,    0.000,  231.442,  244,    0.129, 2.13E+03,   28,    1.187,   43.579,  125,  2.4E-02,    0.000,  999,    0.000,    0.000,  999,    0.000,  613.097,   12,    0.341, 2.36E+03,   11,    1.316, 1.80E+03,   10,    1.000, 2.01E+04,   19,   11.209,    0.000,  999,    0.000,    0.000,  999,    0.000, 4.61E-02,  999,  2.6E-05, 1.69E+03,   19,    0.940, 3.02E-02,  999,  1.7E-05,    0.000,  999,    0.000,  113.511,  298,  6.3E-02, 2.39E+03,   30,    1.332, 3.94E+03,   18,    2.195,    0.000,  999,    0.000, 2.51E+03,   31,    1.396, 1.69E+03,   19,    0.940, 3.02E-02,  999,  1.7E-05
  3,   5,    0.000,  999,    0.000,   36.743,  962,  2.9E-02, 1.26E+03,   11,    1.000,    0.000,  999,    0.000,  170.397,  131,    0.135,  177.873,  124,    0.141, 2.33E+03,   38,    1.849,    0.000,  999,    0.000,  633.160,    9,    0.503,    0.000,  999,    0.000,  728.410,   30,    0.579, 3.59E+03,   17,    2.853,  200.666,  248,    0.160, 3.27E+03,    6,    2.601,    0.000,  999,    0.000,  141.883,   39,    0.113,  475.369,   70,    0.378,   38.627,  647,  3.1E-02,  633.160,    9,    0.503, 3.27E+03,    6,    2.601, 1.26E+03,   11,    1.000, 2.33E+03,   38,    1.849, 1.47E+03,   53,    1.171,    0.000,  999,    0.000,  433.586,   65,    0.345, 1.39E+03,   28,    1.104,  231.168,   76,    0.184, 1.38E+03,   49,    1.096,  386.217,   79,    0.307, 2.03E+03,   28,    1.616,    0.000,  999,    0.000, 1.47E+03,   53,    1.171, 3.89E+03,   17,    3.094, 1.82E+03,   17,    1.449, 1.61E+03,   41,    1.280
  3,   6,    0.000,  999,    0.000,  301.743,   93,    0.287,    0.000,  999,    0.000, 1.05E+03,   19,    1.000,  151.450,  114,    0.144,  114.049,  150,    0.109, 3.02E+03,   57,    2.878, 3.58E+03,   55,    3.409,  503.145,   15,    0.479,    0.000,  999,    0.000,  174.225,  186,    0.166, 2.30E+03,   37,    2.188,    0.000,  999,    0.000, 1.62E+03,   33,    1.544,  968.319,   57,    0.922,   64.478,   79,  6.1E-02,  123.603,  220,    0.118,   35.939,  667,  3.4E-02,  503.145,   15,    0.479, 2.59E+03,   11,    2.466, 1.05E+03,   19,    1.000, 6.60E+03,   50,    6.287, 5.45E+03,   36,    5.187,  388.124,  190,    0.370, 1.65E+03,   40,    1.576, 1.91E+03,   40,    1.818,  872.849,   48,    0.831, 3.29E+03,   34,    3.138,  553.436,  102,    0.527, 1.47E+03,   72,    1.400, 1.19E+03,   47,    1.129, 5.83E+03,   27,    5.557, 7.86E+03,   13,    7.484, 3.56E+03,   13,    3.395, 4.17E+03,   26,    3.970
  3,   7,    0.000,  999,    0.000,  126.674,  312,  6.4E-02, 1.99E+03,   11,    1.000,    0.000,  999,    0.000,  253.493,   96,    0.128,  192.380,  126,  9.7E-02, 9.19E+03,   25,    4.624,    0.000,  999,    0.000,  149.193,  227,  7.5E-02,  539.378,   64,    0.271,  882.521,   44,    0.444, 5.65E+03,   17,    2.842, 3.78E+03,   48,    1.902, 3.14E+03,   28,    1.579,  801.737,  113,    0.403,   59.532,  117,  3.0E-02,  242.238,  156,    0.122,    0.000,  999,    0.000,  688.571,   13,    0.346, 3.94E+03,    8,    1.983, 1.99E+03,   11,    1.000, 9.19E+03,   25,    4.624, 1.24E+03,   84,    0.623,    0.000,  999,    0.000,  295.481,  134,    0.149, 1.11E+03,   40,    0.559,  297.215,   93,    0.149, 1.89E+03,   42,    0.949,  342.159,   60,    0.172,  923.744,   64,    0.465,    0.000,  999,    0.000, 1.24E+03,   84,    0.623, 2.50E+03,   47,    1.260, 1.41E+03,   25,    0.707, 2.18E+03,   35,    1.099
  3,   8,    0.000,  999,    0.000,  156.309,  154,    0.181,  862.019,   20,    1.000,    0.000,  999,    0.000,  141.777,  104,    0.164,  113.944,  129,    0.132, 2.56E+03,   54,    2.971, 2.11E+03,   77,    2.452,  234.055,  159,    0.272,  223.302,  166,    0.259,    0.000,  999,    0.000,  232.701,  302,    0.270, 4.45E+03,   26,    5.158,    0.000,  999,    0.000, 2.86E+03,    9,    3.315,   64.830,   69,  7.5E-02,  298.185,   78,    0.346,  214.287,   88,    0.249,  457.357,   14,    0.531, 2.86E+03,    9,    3.315,  862.019,   20,    1.000, 4.68E+03,   52,    5.424,  690.579,   95,    0.801,    0.000,  999,    0.000,    0.000,  999,    0.000, 2.26E+03,   15,    2.617,  116.260,  235,    0.135, 3.25E+03,   25,    3.773,  871.288,   30,    1.011, 1.72E+03,   42,    1.997, 2.84E+03,   17,    3.294,  690.579,   95,    0.801, 3.28E+03,   29,    3.809, 2.26E+03,   15,    2.617, 3.37E+03,   24,    3.908
  3,   9,  221.751,  113,    1.310,  144.169,   83,    0.851,  169.317,   58,    1.000,    0.000,  999,    0.000,   74.685,   97,    0.441,   72.328,  100,    0.427,  287.384,  181,    1.697,    0.000,  999,    0.000,    0.000,  999,    0.000,  317.661,   12,    1.876,    0.000,  999,    0.000,    0.000,  999,    0.000,    0.000,  999,    0.000, 1.05E+03,   17,    6.184,  306.289,   63,    1.809,   34.839,   64,    0.206,  161.708,   73,    0.955,  144.516,   53,    0.854,  317.661,   12,    1.876, 1.35E+03,   10,    7.993,  169.317,   58,    1.000,  287.384,  181,    1.697,    0.000,  999,    0.000,  962.130,   23,    5.682,    0.000,  999,    0.000, 1.16E+03,   19,    6.839,  156.135,  123,    0.922, 2.03E+03,   20,   12.003,  371.629,   29,    2.195,    0.000,  999,    0.000, 1.13E+03,   17,    6.678,  962.130,   23,    5.682, 1.33E+03,   18,    7.877, 1.16E+03,   19,    6.839, 2.19E+03,   19,   12.925
  3,  10,   20.303,  541,    0.125,   10.880,  786,  6.7E-02,    0.000,  999,    0.000,  162.031,   45,    1.000,   17.170,  296,    0.106,   11.694,  443,  7.2E-02,  231.719,   97,    1.430,    0.000,  999,    0.000,    0.000,  999,    0.000,  109.108,   30,    0.673,    0.000,  999,    0.000,    0.000,  999,    0.000,    0.000,  999,    0.000,    0.000,  999,    0.000,  229.610,   40,    1.417,    0.000,  999,    0.000,   26.177,  322,    0.162,  155.894,   55,    0.962,  109.108,   30,    0.673,  229.610,   40,    1.417,  162.031,   45,    1.000,  231.719,   97,    1.430, 3.80E+03,   34,   23.463,  118.771,  386,    0.733,    0.000,  999,    0.000, 2.50E+03,   16,   15.430,  801.986,   54,    4.950, 5.54E+03,   11,   34.202,  814.411,   36,    5.026, 6.47E+03,    6,   39.943,    0.000,  999,    0.000, 3.92E+03,   27,   24.196, 1.12E+04,    8,   69.166, 2.50E+03,   16,   15.430, 6.34E+03,   10,   39.152
  3,  11,    4.892,  642,    0.138,    5.080,  999,    0.143,    0.000,  999,    0.000,   35.471,   71,    1.000,   16.354,  174,    0.461,    0.000,  999,    0.000,   22.602,  255,    0.637,    0.000,  999,    0.000,    0.000,  999,    0.000,   11.107,   77,    0.313,   14.583,  175,    0.411,   88.565,   92,    2.497,   47.376,   71,    1.336,    0.000,  999,    0.000,   56.214,   48,    1.585,    2.525,  329,  7.1E-02,    0.000,  999,    0.000,   65.060,   65,    1.834,   11.107,   77,    0.313,   56.214,   48,    1.585,   35.471,   71,    1.000,   22.602,  255,    0.637, 8.75E+03,   15,  246.714,    0.000,  999,    0.000, 3.50E+03,   13,   98.596, 3.50E+03,   10,   98.800, 1.89E+03,   20,   53.370, 5.80E+03,    9,  163.440, 1.02E+03,   16,   28.811, 2.85E+03,   11,   80.350,    0.000,  999,    0.000, 8.75E+03,   15,  246.714, 1.26E+04,    9,  355.875, 7.00E+03,    8,  197.396, 7.69E+03,    7,  216.810
  4,   3, 2.18E+03,   22,    1.341,    0.000,  999,    0.000,    0.000,  999,    0.000, 1.62E+03,    9,    1.000,  239.051,   93,    0.147,  122.127,  179,  7.5E-02,  489.576,  222,    0.302,  777.887,  162,    0.479,    0.000,  999,    0.000,  713.285,    8,    0.440,  506.707,   45,    0.312, 1.01E+03,   60,    0.625,    0.000,  999,    0.000, 3.12E+03,    6,    1.924,    0.000,  999,    0.000,  124.393,   45,  7.7E-02,  318.738,  104,    0.196, 1.12E+03,   20,    0.689,  713.285,    8,    0.440, 3.12E+03,    6,    1.924, 1.62E+03,    9,    1.000, 1.27E+03,  161,    0.781,    0.000,  999,    0.000,    0.000,  999,    0.000,    0.000,  999,    0.000, 1.96E+03,   14,    1.208, 2.00E-02,  999,  1.2E-05, 4.69E+03,   13,    2.888,  264.486,   69,    0.163, 2.44E+03,   10,    1.505, 1.50E+03,   22,    0.927,    0.000,  999,    0.000, 2.71E+03,   12,    1.668, 1.96E+03,   14,    1.208, 4.69E+03,   13,    2.888
  4,  11, 1.03E+03,   45,    2.913,   47.354,  237,    0.134,  354.369,   28,    1.000,    0.000,  999,    0.000,   58.360,  118,    0.165,   58.338,  117,    0.165,  208.721,  362,    0.589,    0.000,  999,    0.000,  169.656,   99,    0.479,   30.797,  542,  8.7E-02,   99.938,  149,    0.282, 1.21E+03,   36,    3.425,    0.000,  999,    0.000,    0.000,  999,    0.000,  916.317,   18,    2.586,   37.835,   57,    0.107,  131.076,   84,    0.370,  121.364,   91,    0.342,  200.453,   19,    0.566,  916.317,   18,    2.586,  354.369,   28,    1.000,  208.721,  362,    0.589, 5.32E+03,   20,   15.010,    0.000,  999,    0.000, 1.11E+03,   45,    3.138, 1.38E+03,   35,    3.885,  829.321,   42,    2.340, 2.88E+03,   24,    8.124,  584.435,   59,    1.649,  328.275,  177,    0.926, 2.32E+03,   16,    6.551, 5.32E+03,   20,   15.010, 6.23E+03,   11,   17.585, 2.49E+03,   12,    7.023, 3.71E+03,   17,   10.464
  5,   3,  986.784,   36,    0.500,    0.000,  999,    0.000, 1.54E+03,   32,    0.779,  437.209,  117,    0.221,  140.102,  208,  7.1E-02,  233.610,  119,    0.118, 1.59E+03,   59,    0.804, 2.28E+03,   47,    1.152,  926.759,    6,    0.469,    0.000,  999,    0.000, 1.15E+03,   18,    0.582, 3.69E+03,   16,    1.869,    0.000,  999,    0.000, 3.73E+03,    5,    1.891,    0.000,  999,    0.000,  263.731,   23,    0.134,  988.160,   40,    0.500,  434.034,   58,    0.220,  926.759,    6,    0.469, 3.73E+03,    5,    1.891, 1.98E+03,    7,    1.000, 3.86E+03,   46,    1.956,    0.000,  999,    0.000,    0.000,  999,    0.000, 2.09E-03,  999,  1.1E-06, 2.94E+03,   11,    1.486, 1.85E-02,  999,  9.4E-06, 7.11E+03,   10,    3.602,  126.482,  215,  6.4E-02, 1.81E+03,   14,    0.915,    0.000,  999,    0.000,    0.000,  999,    0.000, 1.93E+03,   20,    0.979, 2.94E+03,   11,    1.486, 7.11E+03,   10,    3.602
  5,  11, 2.06E+03,   26,   11.798,  117.393,  104,    0.673,  174.386,   48,    1.000,    0.000,  999,    0.000,   65.054,  115,    0.373,   90.716,   82,    0.520, 1.14E+03,   61,    6.563,    0.000,  999,    0.000,    0.000,  999,    0.000,  123.745,   26,    0.710,   12.394,  999,  7.1E-02,  635.942,   61,    3.647,    0.000,  999,    0.000, 2.03E+03,    8,   11.650,    0.000,  999,    0.000,   46.200,   48,    0.265,  199.852,   59,    1.146,   72.817,   80,    0.418,  123.745,   26,    0.710, 2.03E+03,    8,   11.650,  174.386,   48,    1.000, 1.14E+03,   61,    6.563, 2.79E+03,   21,   15.995,   62.599,  432,    0.359,    0.000,  999,    0.000, 2.37E+03,   10,   13.594,  684.472,   45,    3.925, 5.37E+03,   10,   30.806,  860.765,   26,    4.936,    0.000,  999,    0.000, 2.78E+03,   12,   15.960, 2.85E+03,   18,   16.354, 3.71E+03,   12,   21.290, 2.37E+03,   10,   13.594, 6.06E+03,    9,   34.731
  6,   3,    0.000,  999,    0.000,    0.000,  999,    0.000, 1.52E+03,    9,    1.000,    0.000,  999,    0.000,  175.934,  145,    0.115,  196.603,  126,    0.129, 1.88E+03,   38,    1.233, 1.75E+03,   46,    1.148,  774.992,    7,    0.508,    0.000,  999,    0.000,  890.364,   22,    0.584, 3.15E+03,   20,    2.066,    0.000,  999,    0.000, 3.54E+03,   10,    2.321,   54.762,  762,  3.6E-02,  189.633,   31,    0.124,  451.979,   81,    0.296,  358.303,   68,    0.235,  774.992,    7,    0.508, 3.59E+03,    6,    2.357, 1.52E+03,    9,    1.000, 3.63E+03,   34,    2.381,    0.000,  999,    0.000,  995.398,   52,    0.653,    0.000,  999,    0.000, 3.16E+03,   13,    2.074,  214.493,  103,    0.141, 7.94E+03,   10,    5.211, 1.06E+03,   32,    0.692, 4.00E+03,    9,    2.623,    0.000,  999,    0.000,  995.398,   52,    0.653, 6.05E+03,    8,    3.968, 3.16E+03,   13,    2.074, 8.16E+03,   10,    5.352
  6,  11,  240.502,   83,    0.527,  166.836,  115,    0.366,  219.368,  127,    0.481,  236.636,  119,    0.519,   64.888,  185,    0.142,  106.367,  112,    0.233,    0.000,  999,    0.000,  735.867,   59,    1.614,    0.000,  999,    0.000,  115.461,   26,    0.253,  222.791,   50,    0.489,  182.569,  197,    0.400,  233.176,   95,    0.511, 2.06E+03,   18,    4.520,  924.945,   37,    2.028,   49.497,   61,    0.109,  328.313,   56,    0.720,  292.783,   36,    0.642,  115.461,   26,    0.253, 2.99E+03,    6,    6.549,  456.004,   18,    1.000,  735.867,   59,    1.614, 4.65E+03,   23,   10.206,    0.000,  999,    0.000,  516.513,  101,    1.133, 2.07E+03,   25,    4.534,  910.636,   40,    1.997, 3.29E+03,   20,    7.206,  807.291,   39,    1.770, 2.18E+03,   28,    4.785, 2.13E+03,   10,    4.676, 4.65E+03,   23,   10.206, 7.64E+03,    9,   16.762, 2.58E+03,   11,    5.666, 4.20E+03,   14,    9.203
  7,   3,    0.000,  999,    0.000,    0.000,  999,    0.000, 1.72E+03,    8,    1.000,    0.000,  999,    0.000,  206.591,  131,    0.120,    0.000,  999,    0.000, 1.03E+03,   61,    0.598, 2.27E+03,   32,    1.321,  754.682,    7,    0.439,    0.000,  999,    0.000,  689.621,   26,    0.401, 1.37E+03,   45,    0.794,    0.000,  999,    0.000, 3.54E+03,   10,    2.057,  457.012,   83,    0.266,  120.197,   48,  7.0E-02,  156.738,  241,  9.1E-02,  469.606,   51,    0.273,  754.682,    7,    0.439, 4.00E+03,    6,    2.323, 1.72E+03,    8,    1.000, 3.30E+03,   33,    1.919, 3.03E+03,   33,    1.763,    0.000,  999,    0.000,    0.000,  999,    0.000, 4.67E+03,   11,    2.712,  945.875,   44,    0.550, 1.19E+04,    8,    6.921, 1.79E+03,   24,    1.040, 4.36E+03,   11,    2.538, 2.90E+03,   10,    1.688, 3.03E+03,   33,    1.763, 9.19E+03,    8,    5.340, 4.67E+03,   11,    2.712, 1.28E+04,    8,    7.471
  7,  11,  650.865,   22,    1.935,  126.563,  133,    0.376,   43.274,  488,    0.129,  293.033,   73,    0.871,   40.198,  270,    0.120,   89.090,  120,    0.265,  316.941,   91,    0.942, 1.09E+03,   30,    3.231,    0.000,  999,    0.000,  127.139,   17,    0.378,   87.736,   95,    0.261,  240.118,  113,    0.714,    0.000,  999,    0.000, 2.81E+03,    3,    8.365,    0.000,  999,    0.000,   75.492,   33,    0.224,  356.105,   45,    1.059,  257.213,   31,    0.765,  127.139,   17,    0.378, 2.81E+03,    3,    8.365,  336.306,   17,    1.000, 1.40E+03,   34,    4.174,  390.146,   66,    1.160,    0.000,  999,    0.000,    0.000,  999,    0.000, 1.80E+03,    9,    5.362,   96.391,   91,    0.287, 4.39E+03,    8,   13.053,  570.200,   24,    1.695, 2.06E+03,   17,    6.138, 1.36E+03,   21,    4.045,  390.146,   66,    1.160, 3.02E+03,   12,    8.994, 1.80E+03,    9,    5.362, 4.49E+03,    8,   13.339
  8,   3,  771.966,   39,    0.326,    0.000,  999,    0.000, 1.02E+03,   48,    0.431, 1.35E+03,   36,    0.569,    0.000,  999,    0.000,    0.000,  999,    0.000, 2.31E+03,   28,    0.975, 3.66E+03,   20,    1.545,  921.764,    4,    0.389,    0.000,  999,    0.000,  780.062,   18,    0.329, 2.29E+03,   21,    0.965,  185.028,  179,  7.8E-02, 4.39E+03,    8,    1.853,  357.570,  110,    0.151,  253.252,   19,    0.107,    0.000,  999,    0.000,    0.000,  999,    0.000,  921.764,    4,    0.389, 4.75E+03,    3,    2.004, 2.37E+03,    4,    1.000, 5.97E+03,   20,    2.520, 3.15E+03,   28,    1.328,    0.000,  999,    0.000,  317.114,  162,    0.134, 2.45E+03,   22,    1.034,  600.426,   61,    0.253, 4.44E+03,   16,    1.871,  796.176,   44,    0.336,  938.426,   60,    0.396, 4.21E+03,    5,    1.774, 3.15E+03,   28,    1.328, 4.88E+03,   13,    2.059, 2.77E+03,   11,    1.168, 5.04E+03,   13,    2.125
  8,  11,  183.693,   45,    0.490,   61.401,  193,    0.164,    0.000,  999,    0.000,  374.537,   13,    1.000,   25.730,  292,  6.9E-02,   38.050,  187,    0.102,    0.000,  999,    0.000,  832.488,   24,    2.223,    0.000,  999,    0.000,   38.810,   34,    0.104,    0.000,  999,    0.000,  146.121,  116,    0.390,   85.908,  104,    0.229,  639.508,   21,    1.707,  848.883,   15,    2.266,    0.000,  999,    0.000,    0.000,  999,    0.000,  234.724,   28,    0.627,   38.810,   34,    0.104, 1.49E+03,    9,    3.974,  374.537,   13,    1.000,  832.488,   24,    2.223, 1.02E+04,   17,   27.345,    0.000,  999,    0.000, 1.19E+03,   51,    3.164, 2.30E+03,   25,    6.129, 3.78E+03,   13,   10.091, 2.70E+03,   22,    7.198,  743.596,   50,    1.985, 6.06E+03,   16,   16.178,    0.000,  999,    0.000, 1.02E+04,   17,   27.345, 1.70E+04,    7,   45.508, 3.48E+03,   12,    9.293, 6.48E+03,    7,   17.289
  9,   3,  725.593,   27,    0.417,   63.501,  505,  3.7E-02, 1.63E+03,   18,    0.935,  112.848,  261,  6.5E-02,    0.000,  999,    0.000,    0.000,  999,    0.000,  547.209,   78,    0.315, 1.79E+03,   27,    1.032,  516.495,    6,    0.297,    0.000,  999,    0.000,  501.450,   21,    0.288, 1.10E+03,   35,    0.632,   35.353,  655,  2.0E-02, 2.11E+03,   15,    1.213, 1.48E+03,   21,    0.850,   41.367,   88,  2.4E-02,    0.000,  999,    0.000,  418.746,   36,    0.241,  516.495,    6,    0.297, 3.59E+03,    4,    2.063, 1.74E+03,    5,    1.000, 2.34E+03,   33,    1.347, 6.32E+03,   18,    3.635,    0.000,  999,    0.000,   82.853,  685,  4.8E-02, 3.73E+03,   17,    2.147, 2.12E+03,   22,    1.219, 6.92E+03,   10,    3.978, 1.25E+03,   31,    0.719, 4.11E+03,    9,    2.364,    0.000,  999,    0.000, 6.32E+03,   18,    3.635, 1.17E+04,    6,    6.718, 3.82E+03,   10,    2.195, 9.04E+03,    6,    5.197
  9,  11,    0.000,  999,    0.000,  868.412,   47,    0.000,    0.000,  999,    0.000,    0.000,  999,    0.000,  172.540,  158,    0.000,  258.416,  101,    0.000, 1.34E+04,   12,    0.000,    0.000,  999,    0.000,    0.000,  999,    0.000,  151.604,   40,    0.000,    0.000,  999,    0.000, 2.67E+03,   26,    0.000,    0.000,  999,    0.000, 6.36E+03,    5,    0.000,    0.000,  999,    0.000,  156.660,   40,    0.000,  889.120,   45,    0.000,    0.000,  999,    0.000,  151.604,   40,    0.000, 6.36E+03,    5,    0.000,    0.000,  999,    0.000, 1.34E+04,   12,    0.000,  893.884,  172,    0.000,  197.622,  151,    0.000,    0.000,  999,    0.000, 1.02E+04,    9,    0.000,  917.921,   66,    0.000, 1.54E+04,    9,    0.000, 3.08E+03,    9,    0.000, 7.67E+03,    9,    0.000, 3.83E+03,    9,    0.000, 1.09E+03,  129,    0.000, 1.18E+04,   12,    0.000, 1.02E+04,    9,    0.000, 1.63E+04,    8,    0.000
 10,   3,    0.000,  999,    0.000,   74.098,  153,    0.153,  484.178,   10,    1.000,    0.000,  999,    0.000,   63.756,  113,    0.132,   17.044,  410,  3.5E-02,  674.898,   42,    1.394, 1.08E+03,   29,    2.228,  178.136,   10,    0.368,    0.000,  999,    0.000,  236.141,   28,    0.488, 1.21E+03,   22,    2.498,    0.000,  999,    0.000, 1.00E+03,    9,    2.069,  207.423,   49,    0.428,   65.778,   29,    0.136,   93.427,  122,    0.193,  250.296,   32,    0.517,  178.136,   10,    0.368, 1.21E+03,    6,    2.497,  484.178,   10,    1.000, 1.75E+03,   29,    3.622, 5.72E+03,   14,   11.815,    0.000,  999,    0.000,  189.833,  169,    0.392, 2.34E+03,   15,    4.824,  692.403,   52,    1.430, 4.45E+03,   11,    9.182,  931.915,   27,    1.925, 2.58E+03,   13,    5.336,    0.000,  999,    0.000, 5.72E+03,   14,   11.815, 9.24E+03,    7,   19.076, 2.53E+03,   10,    5.216, 5.14E+03,    8,   10.612
 10,  11,    0.000,  999,    0.000, 3.02E+03,   24,    0.000,    0.000,  999,    0.000,    0.000,  999,    0.000,  476.351,  105,    0.000, 1.83E+03,   26,    0.000, 4.05E+03,   55,    0.000,    0.000,  999,    0.000,    0.000,  999,    0.000,  811.782,   12,    0.000,    0.000,  999,    0.000, 9.73E+03,   10,    0.000, 1.68E+03,  133,    0.000, 1.26E+04,   10,    0.000, 6.99E+03,   18,    0.000, 1.02E+03,    9,    0.000, 4.98E+03,   14,    0.000,    9.287,  609,    0.000,  811.782,   12,    0.000, 1.96E+04,    4,    0.000,    0.000,  999,    0.000, 4.05E+03,   55,    0.000, 9.39E+03,   32,    0.000,    0.000,  999,    0.000,    0.000,  999,    0.000, 3.90E+04,    7,    0.000, 2.50E+03,   34,    0.000, 5.84E+04,    7,    0.000, 1.17E+04,    7,    0.000, 2.92E+04,    7,    0.000, 1.46E+04,    7,    0.000, 9.39E+03,   32,    0.000, 5.03E+04,    7,    0.000, 3.90E+04,    7,    0.000, 6.09E+04,    7,    0.000
 11,   3,    0.000,  999,    0.000, 6.09E-02,  999,    0.000,    0.000,  999,    0.000,    0.000,  999,    0.000, 3.34E-02,  999,    0.000, 3.42E-02,  999,    0.000,    0.000,  999,    0.000,    0.000,  999,    0.000,    0.000,  999,    0.000,    0.376,  999,    0.000,   50.844,   78,    0.000,  293.153,   48,    0.000,  202.700,   34,    0.000,    0.000,  999,    0.000,    0.000,  999,    0.000, 1.32E-02,  999,    0.000, 6.05E-02,  999,    0.000, 4.07E-02,  999,    0.000,    0.376,  999,    0.000,    0.000,  999,    0.000,    0.000,  999,    0.000,    0.000,  999,    0.000, 8.15E+03,    9,    0.000,    0.000,  999,    0.000, 2.15E+03,   10,    0.000,    0.000,  999,    0.000, 1.22E+03,   10,    0.000, 5.14E-02,  999,    0.000, 4.55E-03,  999,    0.000,    0.232,  999,    0.000,    0.000,  999,    0.000, 8.15E+03,    9,    0.000, 8.15E+03,    9,    0.000, 2.15E+03,   10,    0.000, 1.22E+03,   10,    0.000
 11,   4,    0.000,  999,    0.000,   82.769,   26,    0.394,    0.000,  999,    0.000,  209.910,   33,    1.000,   51.620,   25,    0.246,   49.464,   26,    0.236,    0.000,  999,    0.000,    0.000,  999,    0.000,    0.000,  999,    0.000,    0.000,  999,    0.000,    0.000,  999,    0.000,  224.421,  111,    1.069,  430.796,   63,    2.052,  831.887,   19,    3.963,  667.563,   23,    3.180,   16.269,   27,  7.8E-02,   78.693,   28,    0.375,   20.780,   38,  9.9E-02,    0.000,  999,    0.000, 1.50E+03,    8,    7.143,  209.910,   33,    1.000,    0.000,  999,    0.000,  338.828,   64,    1.614,    0.000,  999,    0.000,    0.000,  999,    0.000,  479.773,   26,    2.286,  128.853,   81,    0.614,  691.626,   42,    3.295,  157.198,   51,    0.749,  816.659,   21,    3.891, 1.10E+03,    9,    5.252,  338.828,   64,    1.614, 1.31E+03,   24,    6.254,  479.773,   26,    2.286,  820.479,   37,    3.909
 11,   5,    0.000,  999,    0.000,   18.352,  322,  8.1E-02,  227.234,   15,    1.000,    0.000,  999,    0.000,   24.047,  150,    0.106,   27.790,  130,    0.122,  220.562,   72,    0.971,  456.625,   39,    2.009,   70.956,   19,    0.312,    0.000,  999,    0.000,  135.258,   36,    0.595,  633.341,   29,    2.787,    0.000,  999,    0.000,  483.672,   12,    2.129,   46.896,  135,    0.206,   22.744,   47,    0.100,   47.976,  123,    0.211,   80.982,   69,    0.356,   70.956,   19,    0.312,  530.569,   10,    2.335,  227.234,   15,    1.000,  677.187,   38,    2.980,  888.045,   40,    3.908,  176.624,   59,    0.777,    0.000,  999,    0.000,  700.278,   21,    3.082,  267.606,   46,    1.178, 1.59E+03,   16,    6.996,  258.454,   38,    1.137,  973.009,   18,    4.282,    0.000,  999,    0.000, 1.06E+03,   28,    4.685, 2.30E+03,   15,   10.105,  700.278,   21,    3.082, 1.86E+03,   14,    8.173
 11,   6,   53.200,  191,    0.109,   30.865,  257,  6.3E-02,    0.000,  999,    0.000,  488.490,   10,    1.000,   42.854,  113,  8.8E-02,   44.911,  107,  9.2E-02,  287.461,   75,    0.588,  535.603,   46,    1.096,    0.000,  999,    0.000,  105.372,   17,    0.216,   39.328,  168,  8.1E-02,  449.345,   50,    0.920,    0.000,  999,    0.000,  633.872,    8,    1.298,    0.000,  999,    0.000,   27.012,   52,  5.5E-02,  111.221,   70,    0.228,  314.768,   27,    0.644,  105.372,   17,    0.216,  633.872,    8,    1.298,  488.490,   10,    1.000,  823.064,   44,    1.685,    0.000,  999,    0.000, 5.51E-02,  999,  1.1E-04,    0.000,  999,    0.000,  526.268,   23,    1.077, 3.74E-02,  999,  7.7E-05,  791.221,   23,    1.620,  157.704,   23,    0.323,  412.196,   22,    0.844,  202.830,   24,    0.415, 5.51E-02,  999,  1.1E-04,  569.955,   22,    1.167,  526.268,   23,    1.077,  791.259,   23,    1.620
 11,   7,    0.000,  999,    0.000,   63.827,  143,    0.122,  523.305,   10,    1.000,    0.000,  999,    0.000,   50.662,  112,  9.7E-02,   42.772,  131,  8.2E-02,   26.516,  999,  5.1E-02,  519.446,   62,    0.993,  127.963,   15,    0.245,    0.000,  999,    0.000,  212.468,   35,    0.406,  861.921,   26,    1.647,    0.000,  999,    0.000,  691.566,   13,    1.322,  219.587,   41,    0.420,   39.222,   40,  7.5E-02,   89.796,   95,    0.172,  164.093,   52,    0.314,  127.963,   15,    0.245,  911.154,    6,    1.741,  523.305,   10,    1.000,  545.962,   81,    1.043,    0.000,  999,    0.000,    0.000,  999,    0.000,    0.000,  999,    0.000,   47.325,   95,  9.0E-02, 7.00E-03,  999,  1.3E-05,  103.783,   75,    0.198,   12.226,  143,  2.3E-02,    0.000,  999,    0.000,    0.000,  999,    0.000,    0.000,  999,    0.000,   12.226,  143,  2.3E-02,   47.325,   95,  9.0E-02,  103.790,   75,    0.198
 11,   8,  552.713,   34,    2.395,   34.150,  143,    0.148,  230.759,   17,    1.000,    0.000,  999,    0.000,   28.585,  104,    0.124,   30.302,   98,    0.131,    0.000,  999,    0.000,    0.000,  999,    0.000,    0.000,  999,    0.000,   71.426,   19,    0.310,    0.000,  999,    0.000,    0.000,  999,    0.000,  513.746,   34,    2.226,  442.248,   10,    1.916,    0.000,  999,    0.000,    8.900,  102,  3.9E-02,   60.375,   79,    0.262,  324.749,   18,    1.407,   71.426,   19,    0.310,  442.248,   10,    1.916,  230.759,   17,    1.000,    0.000,  999,    0.000,    0.000,  999,    0.000,    0.000,  999,    0.000,    0.000,  999,    0.000,   46.863,  143,    0.203,   10.616,  266,  4.6E-02,   73.313,  139,    0.318,   14.058,  148,  6.1E-02,   38.307,  143,    0.166,   20.643,  141,  8.9E-02,    0.000,  999,    0.000,   52.365,  141,    0.227,   46.863,  143,    0.203,   83.928,  125,    0.364
 11,   9, 2.43E+03,   23,    0.000,   30.012,   41,    0.000,    0.000,  999,    0.000,    0.000,  999,    0.000,   17.331,   43,    0.000,   17.951,   42,    0.000, 1.97E+03,   38,    0.000, 1.89E+03,   48,    0.000,   32.415,   58,    0.000,    0.000,  999,    0.000,   66.688,  174,    0.000,  738.600,   28,    0.000,    0.000,  999,    0.000,   12.108,  999,    0.000,  467.496,   38,    0.000,    6.299,   39,    0.000,   30.441,   41,    0.000,    0.000,  999,    0.000,   32.415,   58,    0.000,  479.605,   20,    0.000,    0.000,  999,    0.000, 3.87E+03,   40,    0.000, 5.88E+03,   12,    0.000,    0.000,  999,    0.000, 1.78E+03,   14,    0.000,    0.000,  999,    0.000,  970.763,   19,    0.000,  578.000,   49,    0.000,    0.000,  999,    0.000, 1.65E+03,   20,    0.000,    0.000,  999,    0.000, 5.88E+03,   12,    0.000, 7.53E+03,   11,    0.000, 1.78E+03,   14,    0.000, 1.55E+03,   19,    0.000
 11,  10,    0.000,  999,    0.000,  200.206,   40,    0.000,    0.000,  999,    0.000,    0.000,  999,    0.000,   19.736,  250,    0.000,   44.337,  110,    0.000,    0.000,  999,    0.000,    0.000,  999,    0.000,    2.923,  649,    0.000,    0.000,  999,    0.000,    0.000,  999,    0.000,  383.056,   52,    0.000,    0.000,  999,    0.000, 1.41E+03,    6,    0.000,    0.000,  999,    0.000,   25.029,   56,    0.000,   99.370,   76,    0.000, 1.08E-02,  999,    0.000,    2.923,  649,    0.000, 1.41E+03,    6,    0.000,    0.000,  999,    0.000,    0.000,  999,    0.000,    0.000,  999,    0.000,    0.000,  999,    0.000,    0.000,  999,    0.000,  487.329,   21,    0.000,    0.000,  999,    0.000,  862.639,   22,    0.000,  121.704,   40,    0.000,  468.214,   25,    0.000,    0.000,  999,    0.000,    0.000,  999,    0.000,  589.918,   24,    0.000,  487.329,   21,    0.000,  862.639,   22,    0.000
 11,  11,    0.000,  999,    0.000,  697.786,   38,    0.000,    0.000,  999,    0.000,    0.000,  999,    0.000,   61.135,  281,    0.000,  248.122,   67,    0.000,    0.000,  999,    0.000,    0.000,  999,    0.000,    0.000,  999,    0.000,  108.419,   42,    0.000,    0.000,  999,    0.000, 1.95E+03,   25,    0.000, 4.11E+03,   27,    0.000, 4.87E+03,    6,    0.000,    0.000,  999,    0.000,  203.629,   21,    0.000,  912.749,   28,    0.000,    6.589,  366,    0.000,  108.419,   42,    0.000, 4.87E+03,    6,    0.000,    0.000,  999,    0.000,    0.000,  999,    0.000, 2.00E+04,   17,    0.000,    0.000,  999,    0.000, 8.97E+03,   16,    0.000,    0.000,  999,    0.000,    0.000,  999,    0.000, 1.59E+04,    9,    0.000,    0.000,  999,    0.000, 8.64E+03,   18,    0.000,    0.000,  999,    0.000, 2.00E+04,   17,    0.000, 2.87E+04,   11,    0.000, 8.97E+03,   16,    0.000, 1.59E+04,    9,    0.000
  2,   2, 1.17E+03,  135,    1.277,  110.714,   17,    0.121,  913.766,   25,    1.000,    0.000,  999,    0.000,   66.456,   17,  7.3E-02,   66.471,   17,  7.3E-02, 2.33E+03,   96,    2.547,    0.000,  999,    0.000,    0.000,  999,    0.000,  433.796,  191,    0.475,  739.525,   56,    0.809, 3.04E+03,   34,    3.327,    0.000,  999,    0.000,    0.000,  999,    0.000,    0.000,  999,    0.000,   22.171,   17,  2.4E-02,  110.828,   17,    0.121,   91.319,   30,    0.100,  433.796,   19,    0.475,    0.000,  999,    0.000,  913.766,   25,    1.000, 2.33E+03,   96,    2.547,    0.000,  999,    0.000,    0.000,  999,    0.000,    0.000,  999,    0.000,    0.000,  999,    0.000,    0.000,  999,    0.000,    0.000,  999,    0.000,    0.000,  999,    0.000, 7.80E+03,   11,    8.531, 7.15E+03,    9,    7.825,    0.000,  999,    0.000, 7.80E+03,   11,    8.531,    0.000,  999,    0.000,    0.000,  999,    0.000
  2,   3,  402.857,  163,    1.081,   62.546,   94,    0.168,  372.687,   31,    1.000,    0.000,  999,    0.000,   32.967,  107,  8.8E-02,   38.104,   93,    0.102, 6.08E+03,   17,   16.317, 6.53E+03,   18,   17.515,  152.065,   29,    0.408,    0.000,  999,    0.000,    0.000,  999,    0.000,  857.134,   60,    2.300,    0.000,  999,    0.000,  369.476,   38,    0.991,    0.000,  999,    0.000,   13.839,   84,  3.7E-02,   71.295,   81,    0.191,    0.000,  999,    0.000,  152.065,   29,    0.408,  369.476,   38,    0.991,  372.687,   31,    1.000, 1.26E+04,   14,   33.832, 1.30E+03,   53,    3.488,    0.000,  999,    0.000,  442.261,   72,    1.187, 2.11E+03,   18,    5.659,   19.368,  999,  5.2E-02,    0.000,  999,    0.000,  909.933,   34,    2.442, 3.90E+03,   17,   10.457, 2.84E+03,   20,    7.614, 1.30E+03,   53,    3.488, 6.11E+03,   12,   16.387, 2.55E+03,   11,    6.845,   19.368,  999,  5.2E-02
  2,   4,    1.942,  999,  4.7E-03,   73.558,  114,    0.176,    0.000,  999,    0.000,  416.815,   23,    1.000,   37.370,  135,  9.0E-02,   53.351,   95,    0.128,  278.466,  153,    0.668, 1.40E+03,   35,    3.365,  163.717,   22,    0.393,    0.000,  999,    0.000,   59.319,  222,    0.142,  861.955,   47,    2.068,    0.000,  999,    0.000,  537.888,   26,    1.290,  111.153,  139,    0.267,   20.118,   81,  4.8E-02,   61.619,  135,    0.148,    0.000,  999,    0.000,  163.717,   22,    0.393,  649.042,   20,    1.557,  416.815,   23,    1.000, 1.68E+03,   41,    4.033,    0.000,  999,    0.000,  393.622,   85,    0.944,  105.715,  210,    0.254, 1.67E+03,   22,    3.998,   60.618,  211,    0.145, 1.63E+03,   37,    3.913,  494.619,   52,    1.187, 2.52E+03,   24,    6.046, 2.10E+03,   21,    5.026,  393.622,  196,    0.944, 3.41E+03,   18,    8.177, 1.77E+03,   16,    4.252, 1.69E+03,   34,    4.058
  2,   5,  127.879,  105,    0.785,   84.934,   98,    0.521,  162.868,   48,    1.000,    0.000,  999,    0.000,   50.004,   99,    0.307,   45.061,  112,    0.277,    0.000,  999,    0.000,  380.988,   76,    2.339,    0.000,  999,    0.000,  119.881,   26,    0.736,   90.398,  112,    0.555,  748.856,   44,    4.598,    0.000,  999,    0.000,   83.553,  134,    0.513, 1.03E+03,   14,    6.313,    6.793,  233,  4.2E-02,   30.976,  265,    0.190,   72.647,   93,    0.446,  119.881,   26,    0.736, 1.11E+03,   16,    6.826,  162.868,   48,    1.000,  380.988,   76,    2.339, 5.38E+03,   25,   33.052,    0.000,  999,    0.000,  351.316,  170,    2.157, 2.61E+03,   23,   16.033,  894.623,   56,    5.493, 3.77E+03,   21,   23.120, 1.20E+03,   36,    7.361, 4.44E+03,    9,   27.238,    0.000,  999,    0.000, 5.38E+03,   25,   33.052, 1.10E+04,   10,   67.650, 2.96E+03,   17,   18.190, 4.66E+03,   16,   28.613
  2,   6,   43.520,  425,    0.114,   94.565,   84,    0.248,  332.687,   81,    0.872,   48.830,  560,    0.128,   52.485,   91,    0.138,   58.912,   82,    0.154,    0.000,  999,    0.000, 1.09E+03,   42,    2.845,   19.610,  999,  5.1E-02,  129.421,  180,    0.339,    0.000,  999,    0.000,  399.412,  107,    1.047,    0.000,  999,    0.000,  515.848,   29,    1.352,  407.383,   40,    1.068,   20.851,   75,  5.5E-02,   91.050,   87,    0.239,   33.419,  228,  8.8E-02,  149.031,   28,    0.391,  923.231,   18,    2.420,  381.518,   30,    1.000, 1.09E+03,   42,    2.845,  823.747,   86,    2.159,    0.000,  999,    0.000,  187.348,  142,    0.491,  730.017,   53,    1.913,   93.601,  180,    0.245,  585.977,  110,    1.536,  227.163,   78,    0.595,  535.651,   93,    1.404, 2.00E+03,   13,    5.249,  823.747,   86,    2.159, 1.59E+03,   39,    4.159,  917.365,   36,    2.405,  679.578,   91,    1.781
  2,   7,    0.000,  999,    0.000,   99.408,   98,    0.177,  562.419,   42,    1.000,    0.000,  999,    0.000,   63.073,   93,    0.112,   61.629,   96,    0.110,    0.000,  999,    0.000, 9.12E+03,   29,   16.213,    0.000,  999,    0.000,   91.448,  101,    0.163,    0.000,  999,    0.000,  715.137,  126,    1.272, 4.57E+03,   27,    8.121, 1.25E+03,   24,    2.217,    0.000,  999,    0.000,   24.522,   79,  4.4E-02,  112.172,   86,    0.199,    0.000,  999,    0.000,   91.448,  101,    0.163, 1.25E+03,   24,    2.217,  562.419,   42,    1.000, 9.12E+03,   29,   16.213,    0.000,  999,    0.000,    0.000,  999,    0.000, 6.49E-03,  999,  1.2E-05,  234.229,  144,    0.416, 4.23E-03,  999,  7.5E-06,  424.818,  137,    0.755,   49.248,  278,  8.8E-02,  221.479,  204,    0.394,    4.485,  999,  8.0E-03,    0.000,  999,    0.000,  270.727,  193,    0.481,  234.236,  144,    0.416,  424.822,  137,    0.755
  2,   8,  229.882,   85,    1.194,   46.920,  107,    0.244,  192.530,   46,    1.000,    0.000,  999,    0.000,   24.058,  126,    0.125,   24.834,  122,    0.129,    0.000,  999,    0.000,   61.646,  667,    0.320,    0.000,  999,    0.000,   79.910,   43,    0.415,    0.000,  999,    0.000,    0.000,  999,    0.000,    0.000,  999,    0.000,  457.958,   26,    2.379,    0.000,  999,    0.000,    9.140,  109,  4.7E-02,   41.151,  122,    0.214,   74.090,   88,    0.385,   79.910,   43,    0.415,  457.958,   26,    2.379,  192.530,   46,    1.000,   61.646,  667,    0.320,  254.258,  153,    1.321,    0.000,  999,    0.000,    0.000,  999,    0.000,  711.695,   32,    3.697,   45.424,  322,    0.236, 1.07E+03,   32,    5.545,  213.512,   32,    1.109,  533.785,   33,    2.772,  266.980,   33,    1.387,  254.258,  153,    1.321, 1.00E+03,   42,    5.202,  711.695,   32,    3.697, 1.11E+03,   32,    5.781
  2,   9,  624.700,   47,    2.022,   30.783,  204,    0.100,  308.975,   34,    1.000,    0.000,  999,    0.000,   21.953,  172,  7.1E-02,   28.438,  133,  9.2E-02,    0.000,  999,    0.000, 1.10E+03,   60,    3.563,    0.000,  999,    0.000,  182.330,  128,    0.590,  358.926,   47,    1.162, 1.41E+03,   36,    4.579,  545.998,   60,    1.767,    0.000,  999,    0.000,    0.000,  999,    0.000,   11.947,  104,  3.9E-02,   51.745,  120,    0.167,    8.898,  645,  2.9E-02,  182.330,   23,    0.590,    0.000,  999,    0.000,  308.975,   34,    1.000, 1.10E+03,   60,    3.563, 3.05E+03,   21,    9.865,    0.000,  999,    0.000,  804.671,   22,    2.604, 3.51E-02,  999,  1.1E-04,  434.290,   24,    1.406,    0.000,  999,    0.000, 1.21E-02,  999,  3.9E-05,    0.307,  999,  1.0E-03, 1.70E-02,  999,  5.5E-05, 3.05E+03,   21,    9.865, 3.05E+03,   21,    9.866,  804.706,   22,    2.604,  434.290,   24,    1.406
  2,  10,    0.000,  999,    0.000,   18.853,   62,    1.494,    0.000,  999,    0.000,   12.620,  690,    1.000,   11.309,   62,    0.896,   11.285,   62,    0.894,   84.380,  419,    6.686,  739.007,   58,   58.556,   18.402,  178,    1.458,    0.000,  999,    0.000,    0.000,  999,    0.000,    0.000,  999,    0.000,    0.000,  999,    0.000,   95.439,  128,    7.562,  214.207,   57,   16.973,    3.745,   62,    0.297,   18.715,   62,    1.483,    1.187,  999,  9.4E-02,   18.402,  178,    1.458,  309.646,   36,   24.535,   12.620,  690,    1.000,  823.387,   66,   65.242,    0.000,  999,    0.000,    0.000,  999,    0.000,    0.000,  999,    0.000,    0.000,  999,    0.000, 6.32E-04,  999,  5.0E-05, 7.44E-03,  999,  5.9E-04,    0.000,  999,    0.000,    0.000,  999,    0.000,    0.143,  999,  1.1E-02,    0.000,  999,    0.000,    0.000,  999,    0.000,    0.000,  999,    0.000, 8.07E-03,  999,  6.4E-04
  2,  11, 1.30E+03,   47,    0.000,  196.368,   68,    0.000,    0.000,  999,    0.000,    0.000,  999,    0.000,  101.467,   81,    0.000,  117.118,   70,    0.000, 7.29E+03,   16,    0.000, 9.68E+03,   14,    0.000,  103.587,   45,    0.000,    0.000,  999,    0.000,    0.000,  999,    0.000, 2.04E+03,   26,    0.000,    0.000,  999,    0.000, 1.35E+03,   27,    0.000, 1.45E+03,   27,    0.000,   60.378,   42,    0.000,  252.227,   53,    0.000,    0.000,  999,    0.000,  103.587,   45,    0.000, 2.80E+03,    6,    0.000,    0.000,  999,    0.000, 1.70E+04,   13,    0.000,    0.000,  999,    0.000,  412.945,   75,    0.000,    0.000,  999,    0.000, 3.83E+03,   10,    0.000,  107.717,  105,    0.000, 6.04E+03,    9,    0.000, 1.16E+03,   11,    0.000, 2.65E+03,   14,    0.000, 1.74E+03,   10,    0.000,  412.945,   75,    0.000, 4.22E+03,   13,    0.000, 3.83E+03,   10,    0.000, 6.14E+03,    9,    0.000
  2,  12,    0.000,  999,    0.000,   36.213,  156,    0.000,    0.000,  999,    0.000,    0.000,  999,    0.000,   15.890,  214,    0.000,   15.358,  221,    0.000,  572.342,  133,    0.000,  949.547,   84,    0.000,    0.000,  999,    0.000,   10.737,  322,    0.000,    0.000,  999,    0.000,  634.845,   66,    0.000,    0.000,  999,    0.000,  349.433,   63,    0.000,  217.001,  105,    0.000,    5.383,  207,    0.000,   18.995,  294,    0.000,    0.000,  999,    0.000,   10.737,  322,    0.000,  566.434,   26,    0.000,    0.000,  999,    0.000, 1.52E+03,   89,    0.000, 3.91E+03,   29,    0.000,    0.000,  999,    0.000, 1.32E+03,   26,    0.000, 3.32E+03,   13,    0.000,  716.931,   36,    0.000, 6.83E+03,   10,    0.000, 1.04E+03,   21,    0.000, 1.22E+03,   38,    0.000,    0.000,  999,    0.000, 3.91E+03,   29,    0.000, 6.17E+03,   16,    0.000, 4.64E+03,   10,    0.000, 7.55E+03,    8,    0.000
  3,   2, 2.82E+04,   13,    0.000,    0.000,  999,    0.000,    0.000,  999,    0.000,    0.000,  999,    0.000,    0.000,  999,    0.000,    0.000,  999,    0.000,  532.767,  511,    0.000,    0.000,  999,    0.000,    0.000,  999,    0.000,   15.647,  764,    0.000,  199.291,  247,    0.000, 1.11E+03,  121,    0.000, 2.65E+04,   15,    0.000,    0.000,  999,    0.000,    0.000,  999,    0.000,    0.000,  999,    0.000,    0.000,  999,    0.000,   92.265,  287,    0.000,   15.647,  764,    0.000,    0.000,  999,    0.000,    0.000,  999,    0.000,  532.767,  511,    0.000,    0.000,  999,    0.000,    0.000,  999,    0.000,    0.000,  999,    0.000, 1.98E+04,    8,    0.000,    0.000,  999,    0.000, 2.84E+04,    8,    0.000, 5.92E+03,    8,    0.000, 1.75E+04,    7,    0.000, 1.00E+04,    6,    0.000,    0.000,  999,    0.000, 2.34E+04,    7,    0.000, 1.98E+04,    8,    0.000, 2.84E+04,    8,    0.000
  3,  12,    0.000,  999,    0.000,   75.528,   14,    0.000,    0.000,  999,    0.000,    0.000,  999,    0.000,   45.228,   14,    0.000,   45.327,   14,    0.000, 3.17E+03,   30,    0.000, 9.44E+03,   13,    0.000,   18.005,  224,    0.000,    0.000,  999,    0.000,    0.000,  999,    0.000, 1.54E+03,   28,    0.000,    0.000,  999,    0.000, 1.46E+03,    8,    0.000,    0.000,  999,    0.000,   15.168,   14,    0.000,   75.734,   14,    0.000,    0.000,  999,    0.000,   18.005,  224,    0.000, 1.46E+03,    8,    0.000,    0.000,  999,    0.000, 1.26E+04,   13,    0.000,    0.000,  999,    0.000,    0.000,  999,    0.000,    0.000,  999,    0.000, 1.08E+03,   13,    0.000,    0.000,  999,    0.000, 1.54E+03,   16,    0.000,  307.168,   22,    0.000,    0.000,  999,    0.000,  974.168,   13,    0.000,    0.000,  999,    0.000,  307.168,   22,    0.000, 1.08E+03,   13,    0.000, 1.54E+03,   16,    0.000
  4,   2,    0.000,  999,    0.000,   71.596,  162,    0.222,    0.000,  999,    0.000,  321.830,   34,    1.000,   45.333,  156,    0.141,   49.190,  143,    0.153,    0.000,  999,    0.000,  389.022,  182,    1.209,    0.000,  999,    0.000,  193.434,   22,    0.601,   98.951,  167,    0.307,  762.946,   73,    2.371,    0.000,  999,    0.000,  306.942,   62,    0.954,  410.311,   49,    1.275,   36.554,   61,    0.114,  128.375,   90,    0.399,  443.022,   37,    1.377,  193.434,   22,    0.601,  717.253,   21,    2.229,  321.830,   34,    1.000,  389.022,  182,    1.209,    0.000,  999,    0.000,    0.000,  999,    0.000, 1.53E-02,  999,  4.7E-05, 3.13E+03,   10,    9.739, 2.25E-03,  999,  7.0E-06, 2.82E+03,   23,    8.775,    0.000,  999,    0.000, 3.73E+03,    7,   11.584,    0.000,  999,    0.000,    0.000,  999,    0.000, 3.73E+03,    7,   11.584, 3.13E+03,   10,    9.739, 2.82E+03,   23,    8.775
  4,  12,    0.000,  999,    0.000,    6.882,   93,    2.579,    2.668,  812,    1.000,    0.000,  999,    0.000,    3.958,   96,    1.484,    4.014,   95,    1.504,    0.000,  999,    0.000,   20.157,  348,    7.555,    0.000,  999,    0.000,    6.580,  133,    2.466,    0.000,  999,    0.000,    0.000,  999,    0.000,   17.574,  209,    6.587,  108.859,   48,   40.801,    0.000,  999,    0.000,    1.507,   84,    0.565,    6.581,   97,    2.467,    0.777,  846,    0.291,    6.580,  133,    2.466,  108.859,   48,   40.801,    2.668,  812,    1.000,   20.157,  348,    7.555,    0.000,  999,    0.000,    0.000,  999,    0.000,    0.000,  999,    0.000, 1.17E+03,   14,  437.959,    0.000,  999,    0.000,  913.582,   34,  342.413,  421.910,   35,  158.133, 1.37E+03,   20,  513.160, 1.76E+03,   15,  659.429,    0.000,  999,    0.000, 1.79E+03,   17,  671.293, 1.17E+03,   14,  437.959,  913.582,   34,  342.413
  5,   2,  873.198,   56,    0.658,  100.989,  334,  7.6E-02,    0.000,  999,    0.000, 1.33E+03,   10,    1.000,   44.963,  495,  3.4E-02,  199.596,  108,    0.150, 4.34E+03,   27,    3.266, 5.55E+03,   24,    4.177,  588.020,    9,    0.443,    0.000,  999,    0.000,  630.592,   34,    0.475, 1.51E+03,   46,    1.138,    0.000,  999,    0.000, 2.66E+03,    6,    2.001,    0.000,  999,    0.000,  199.063,   27,    0.150,  721.044,   46,    0.543,  304.171,   85,    0.229,  588.020,    9,    0.443, 2.66E+03,    6,    2.001, 1.33E+03,   10,    1.000, 9.88E+03,   23,    7.444,    0.000,  999,    0.000,  918.638,   23,    0.692,  245.238,   23,    0.185, 1.54E+03,   21,    1.158,  137.787,   23,    0.104, 1.96E+03,   37,    1.477,    0.000,  999,    0.000, 5.48E+03,   17,    4.126, 3.42E+03,   23,    2.575,  918.638,   23,    0.692, 6.40E+03,   14,    4.818, 1.78E+03,   18,    1.342, 2.10E+03,   34,    1.581
  5,  12,  445.030,  104,    0.000,   33.866,   32,    0.000,    0.000,  999,    0.000,    0.000,  999,    0.000,   20.348,   32,    0.000,   20.477,   32,    0.000,  458.751,  124,    0.000, 1.23E+03,   52,    0.000,    0.000,  999,    0.000,    0.000,  999,    0.000,    0.000,  999,    0.000,  111.921,  228,    0.000, 1.47E+03,   39,    0.000,    0.000,  999,    0.000,  679.222,   18,    0.000,    6.826,   31,    0.000,   33.904,   32,    0.000,    0.000,  999,    0.000,    0.000,  999,    0.000,  679.222,   18,    0.000,    0.000,  999,    0.000, 1.69E+03,   56,    0.000,  640.472,   62,    0.000,    0.000,  999,    0.000,   27.362,  632,    0.000,  764.648,   26,    0.000,  111.648,  104,    0.000,  852.029,   41,    0.000,  265.336,   38,    0.000, 1.08E+03,   27,    0.000, 1.29E+03,   11,    0.000,  640.472,   62,    0.000, 1.98E+03,   22,    0.000,  792.010,   18,    0.000,  963.677,   36,    0.000
  6,   2,    0.000,  999,    0.000,    0.000,  999,    0.000, 2.03E+03,    7,    1.000,    0.000,  999,    0.000,  151.568,  175,  7.5E-02,   47.480,  534,  2.3E-02, 3.21E+03,   34,    1.581, 3.77E+03,   32,    1.857,  958.518,    6,    0.472,    0.000,  999,    0.000, 1.03E+03,   22,    0.507, 3.40E+03,   21,    1.677,    0.000,  999,    0.000, 2.22E+03,   17,    1.092, 2.10E+03,   18,    1.037,  233.262,   25,    0.115,  302.246,  121,    0.149,  329.442,   76,    0.162,  958.518,    6,    0.472, 4.32E+03,    5,    2.129, 2.03E+03,    7,    1.000, 6.98E+03,   29,    3.438, 4.66E+03,   16,    2.297,    0.000,  999,    0.000,    0.000,  999,    0.000, 3.43E+03,   11,    1.689, 1.64E+03,   24,    0.809, 6.93E+03,   11,    3.416, 1.14E+03,   26,    0.563, 5.95E+03,    5,    2.929,    0.000,  999,    0.000, 4.66E+03,   16,    2.297, 1.18E+04,    5,    5.789, 3.43E+03,   11,    1.689, 8.58E+03,    8,    4.225
  6,  12,  234.893,   65,    4.393,   82.485,   76,    1.543,    0.000,  999,    0.000,   53.467,   87,    1.000,   38.981,   98,    0.729,   35.775,  106,    0.669,  213.734,  142,    3.998,  829.124,   42,   15.507,    0.000,  999,    0.000,    0.000,  999,    0.000,    0.000,  999,    0.000,  219.609,   99,    4.107,   28.210,  599,    0.528, 1.13E+03,   13,   21.079,   63.596,  250,    1.189,   11.844,   98,    0.222,   25.835,  236,    0.483,    0.000,  999,    0.000,    0.000,  999,    0.000, 1.19E+03,   10,   22.269,   53.467,   87,    1.000, 1.04E+03,   51,   19.505, 4.07E+03,   21,   76.097,    0.000,  999,    0.000, 1.05E+03,   35,   19.691, 1.68E+03,   22,   31.514,  645.913,   40,   12.081, 1.39E+03,   35,   26.083,  633.299,   43,   11.845,  595.695,   68,   11.141, 2.74E+03,   11,   51.166, 4.07E+03,   21,   76.097, 5.30E+03,   11,   99.083, 2.74E+03,    9,   51.205, 2.04E+03,   22,   38.164
  7,   2, 2.31E+03,   26,    0.972,  302.414,  169,    0.127,  208.779,  337,  8.8E-02, 2.17E+03,   32,    0.912,    0.000,  999,    0.000,    0.000,  999,    0.000, 9.59E+03,   16,    4.033, 9.43E+03,   19,    3.965,  898.555,    6,    0.378,    0.000,  999,    0.000,  366.004,   72,    0.154, 1.98E+03,   41,    0.832,    0.000,  999,    0.000, 4.52E+03,    4,    1.900,    0.000,  999,    0.000,  236.212,   29,  9.9E-02,    0.000,  999,    0.000,    0.000,  999,    0.000,  898.555,    6,    0.378, 4.52E+03,    4,    1.900, 2.38E+03,    6,    1.000, 1.90E+04,   16,    7.998,    0.000,  999,    0.000,    0.000,  999,    0.000,    0.000,  999,    0.000, 3.01E+03,   12,    1.265,    0.000,  999,    0.000, 4.43E+03,   13,    1.864,  894.369,   14,    0.376, 3.28E+03,    9,    1.378, 1.60E+03,   11,    0.674,    0.000,  999,    0.000, 4.17E+03,    9,    1.754, 3.01E+03,   12,    1.265, 4.43E+03,   13,    1.864
  7,  12,  344.024,   64,    0.000,   84.560,   69,    0.000,    0.000,  999,    0.000,    0.000,  999,    0.000,   35.797,   98,    0.000,   43.758,   80,    0.000,    0.000,  999,    0.000,  551.828,   81,    0.000,    0.000,  999,    0.000,    0.000,  999,    0.000,    0.000,  999,    0.000,  128.803,  165,    0.000,    0.000,  999,    0.000, 1.35E+03,    7,    0.000,    0.000,  999,    0.000,   18.464,   59,    0.000,   79.233,   71,    0.000,    0.498,  890,    0.000,    0.000,  999,    0.000, 1.35E+03,    7,    0.000,    0.000,  999,    0.000,  551.828,   81,    0.000, 1.30E+04,    5,    0.000,    0.000,  999,    0.000, 4.73E+03,   10,    0.000,   92.991,  406,    0.000, 2.37E+03,   16,    0.000,  242.939,  167,    0.000,    0.000,  999,    0.000,    0.000,  999,    0.000, 2.27E+03,   10,    0.000, 1.30E+04,    5,    0.000, 1.30E+04,    5,    0.000, 4.82E+03,    7,    0.000, 2.61E+03,   15,    0.000
  8,   2,  565.305,   47,    0.496,   27.426,  999,  2.4E-02, 1.14E+03,    9,    1.000,    0.000,  999,    0.000,    0.000,  999,    0.000,    0.000,  999,    0.000,  775.424,   74,    0.681, 1.52E+03,   41,    1.331,  393.150,   11,    0.345,    0.000,  999,    0.000,  806.664,   19,    0.708,  882.446,   60,    0.775,    0.000,  999,    0.000, 1.99E+03,   16,    1.747,  921.615,   33,    0.809,   31.721,  137,  2.8E-02,   75.896,  365,  6.7E-02,  248.396,   72,    0.218,  393.150,   11,    0.345, 2.91E+03,    6,    2.556, 1.14E+03,    9,    1.000, 2.29E+03,   44,    2.012, 7.95E+03,   24,    6.977,  166.259,  219,    0.146, 1.98E+03,   35,    1.739, 2.70E+03,   21,    2.373, 1.84E+03,   38,    1.618, 1.15E+04,   10,   10.057, 1.29E+03,   53,    1.132, 8.74E+03,    6,    7.671,    0.000,  999,    0.000, 8.11E+03,   22,    7.123, 1.81E+04,    7,   15.925, 4.68E+03,   15,    4.112, 1.33E+04,    7,   11.674
  8,  12,  296.525,  261,    0.000,  209.818,  148,    0.000,    0.000,  999,    0.000,    0.000,  999,    0.000,  101.814,  204,    0.000,  199.912,  101,    0.000, 9.64E+03,   12,    0.000,    0.000,  999,    0.000,   43.915,  105,    0.000,    0.000,  999,    0.000,    0.000,  999,    0.000, 1.27E+03,   41,    0.000,    0.000,  999,    0.000, 4.64E+03,    5,    0.000,    0.000,  999,    0.000,  165.120,   29,    0.000,  992.836,   31,    0.000,    0.000,  999,    0.000,   43.915,  105,    0.000, 4.64E+03,    5,    0.000,    0.000,  999,    0.000, 9.64E+03,   12,    0.000,    0.000,  999,    0.000,    0.000,  999,    0.000,    0.000,  999,    0.000, 5.38E+03,   13,    0.000,   16.355,  399,    0.000, 1.32E+04,    8,    0.000, 1.76E+03,   33,    0.000, 1.09E+03,   41,    0.000, 2.48E+03,    8,    0.000,    0.000,  999,    0.000, 2.85E+03,   33,    0.000, 5.38E+03,   13,    0.000, 1.32E+04,    8,    0.000
  9,   2,   52.929,   86,    0.000,  526.294,   16,    0.000,    0.000,  999,    0.000,    0.000,  999,    0.000,    0.000,  999,    0.000,    0.000,  999,    0.000,    0.000,  999,    0.000,  216.429,   44,    0.000,   23.244,   25,    0.000,    0.000,  999,    0.000,    0.000,  999,    0.000,   76.371,   87,    0.000,    0.000,  999,    0.000,  196.156,   13,    0.000,  134.254,   18,    0.000,   20.750,   39,    0.000,  190.799,   43,    0.000,   35.770,   73,    0.000,   23.244,   25,    0.000,  330.411,    8,    0.000,    0.000,  999,    0.000,  216.429,   44,    0.000,    0.000,  999,    0.000, 2.92E+04,    7,    0.000, 7.81E+03,   17,    0.000, 5.62E+03,   15,    0.000,    0.000,  999,    0.000,    0.000,  999,    0.000, 1.49E+04,   13,    0.000, 4.42E+04,    8,    0.000, 2.14E+04,    9,    0.000, 2.92E+04,    7,    0.000, 8.84E+04,    4,    0.000, 1.34E+04,   11,    0.000,    0.000,  999,    0.000
  9,  12,  165.882,   50,    0.814,   16.034,  503,  7.9E-02,  203.664,   25,    1.000,    0.000,  999,    0.000,  733.090,   30,    3.600,    0.000,  999,    0.000,    0.000,  999,    0.000, 1.80E+03,   25,    8.845,    3.412,  225,  1.7E-02,  106.131,   24,    0.521,    0.000,  999,    0.000,  196.138,   62,    0.963,    0.000,  999,    0.000,    0.000,  999,    0.000,   59.080,   76,    0.290,  119.170,   27,    0.585,  868.174,   29,    4.263,   90.520,   40,    0.444,  109.543,   24,    0.538,   59.080,   76,    0.290,  203.664,   25,    1.000, 1.80E+03,   25,    8.845, 3.95E+04,   29,  193.884, 1.63E+03,  128,    8.021, 1.19E+04,   25,   58.620, 6.29E+04,    8,  309.008, 7.41E+03,   22,   36.400, 9.48E+04,    8,  465.235, 1.89E+04,    8,   92.620, 4.70E+04,    8,  230.528, 2.36E+04,    8,  115.859, 4.11E+04,   26,  201.905, 1.07E+05,   11,  525.054, 7.49E+04,    7,  367.629, 1.02E+05,    7,  501.635
 10,   2,    0.000,  999,    0.000, 4.74E+04,    5,   35.745, 1.33E+03,   34,    1.000,    0.000,  999,    0.000, 1.06E+03,  239,    0.797,    0.000,  999,    0.000, 3.64E+03,   99,    2.745,    0.000,  999,    0.000, 1.23E+03,   15,    0.929,    0.000,  999,    0.000,    0.000,  999,    0.000, 1.65E+04,   13,   12.422,    0.000,  999,    0.000, 3.84E+04,    7,   28.919, 3.58E+04,    7,   26.981, 1.01E+03,   28,    0.764, 1.67E+04,   11,   12.607,  143.211,   78,    0.108, 1.23E+03,   15,    0.929, 7.42E+04,    2,   55.899, 1.33E+03,   34,    1.000, 3.64E+03,   99,    2.745, 1.90E+04,   35,   14.330,    0.000,  999,    0.000, 5.55E+03,   32,    4.186, 8.78E+03,   18,    6.619, 2.84E+03,   37,    2.139, 1.32E+04,   18,    9.941, 2.63E+03,   19,    1.986, 6.47E+03,   19,    4.874, 3.32E+03,   19,    2.501, 1.90E+04,   35,   14.330, 2.81E+04,   23,   21.189, 1.43E+04,   15,   10.805, 1.60E+04,   16,   12.080
 10,  12,  209.246,   15,   10.166,  131.123,   17,    6.370,   20.584,   18,    1.000,    0.000,  999,    0.000,    0.000,  999,    0.000,    9.388,  235,    0.456,  216.953,   15,   10.540,    0.000,  999,    0.000,    0.000,  999,    0.000,    0.000,  999,    0.000, 1.29E-03,  999,  6.3E-05,  240.124,   12,   11.666,    0.000,  999,    0.000,   86.051,    8,    4.181,    0.000,  999,    0.000,   30.324,    8,    1.473,  399.155,    9,   19.392,    0.000,  999,    0.000,    0.000,  999,    0.000,   86.051,    8,    4.181,   20.584,   18,    1.000,  216.953,   15,   10.540, 1.51E+05,    5,  7.3E+03,  485.865,   34,   23.604, 4.60E+04,    8,  2.2E+03,    0.000,  999,    0.000, 1.69E+04,   10,  821.260, 2.76E+04,    4,  1.3E+03,    0.000,  999,    0.000, 3.63E+04,    9,  1.8E+03, 2.41E+04,   10,  1.2E+03, 1.52E+05,    5,  7.4E+03, 1.88E+05,    4,  9.1E+03, 4.60E+04,    8,  2.2E+03, 4.45E+04,    4,  2.2E+03
 11,   2,    0.000,  999,    0.000, 4.70E+03,   20,    0.000,    0.000,  999,    0.000,    0.000,  999,    0.000,  474.666,  138,    0.000, 1.27E+03,   50,    0.000, 1.10E+03,  290,    0.000,    0.000,  999,    0.000,    0.000,  999,    0.000, 1.18E+03,   12,    0.000,    0.000,  999,    0.000, 1.21E+04,   13,    0.000,    0.000,  999,    0.000, 1.37E+04,    5,    0.000,    0.000,  999,    0.000,  961.798,   15,    0.000, 4.84E+03,   19,    0.000,   71.578,  193,    0.000, 1.18E+03,   12,    0.000, 1.37E+04,    5,    0.000,    0.000,  999,    0.000, 1.10E+03,  290,    0.000, 7.97E+04,   10,    0.000,    0.000,  999,    0.000, 4.88E+04,   12,    0.000, 2.48E+04,   11,    0.000,    0.000,  999,    0.000, 2.72E+04,   10,    0.000, 3.62E+04,   13,    0.000, 6.52E+04,    4,    0.000, 2.47E+04,    4,    0.000, 7.97E+04,   10,    0.000, 1.81E+05,    4,    0.000, 7.36E+04,   10,    0.000, 2.72E+04,   10,    0.000
 11,  12,    0.000,  999,    0.000,  113.654,   59,    0.000,    0.000,  999,    0.000,    0.000,  999,    0.000,   39.748,  103,    0.000,   65.600,   62,    0.000,  995.625,   55,    0.000,    0.000,  999,    0.000,    0.000,  999,    0.000,   90.555,   23,    0.000,    0.000,  999,    0.000,  459.763,   49,    0.000,    0.000,  999,    0.000, 1.12E+03,   27,    0.000,   18.304,  999,    0.000,   46.500,   26,    0.000,  175.574,   37,    0.000,   20.055,  169,    0.000,   90.555,   23,    0.000, 1.14E+03,   12,    0.000,    0.000,  999,    0.000,  995.625,   55,    0.000, 2.47E+03,   28,    0.000,   75.732,  130,    0.000,  865.861,   25,    0.000, 1.67E+03,   13,    0.000,  444.388,   33,    0.000, 3.24E+03,   11,    0.000,  498.821,   23,    0.000, 1.12E+03,   25,    0.000,    0.000,  999,    0.000, 2.54E+03,   27,    0.000, 4.17E+03,   15,    0.000, 2.53E+03,   11,    0.000, 3.69E+03,    9,    0.000
 12,   2, 1.36E+03,   14,  218.164,    0.767,  999,    0.123,    0.000,  999,    0.000,    6.252,  296,    1.000,    0.650,  792,    0.104,    0.743,  694,    0.119,  484.884,   35,   77.558,    0.000,  999,    0.000,    7.613,   99,    1.218,    0.000,  999,    0.000,   33.403,   87,    5.343,  111.238,   73,   17.793,  858.427,   20,  137.307,    0.000,  999,    0.000,    0.000,  999,    0.000,    0.316,  542,  5.0E-02,    1.477,  574,    0.236,    0.000,  999,    0.000,    7.613,   99,    1.218,    0.000,  999,    0.000,    6.252,  296,    1.000,  484.884,   35,   77.558,    0.000,  999,    0.000,    0.000,  999,    0.000,    0.000,  999,    0.000,  466.649,   11,   74.641,    0.000,  999,    0.000,  527.716,   14,   84.409,  142.660,   16,   22.819,  756.645,    6,  121.027,  443.067,   10,   70.870,    0.000,  999,    0.000,  899.305,    6,  143.846,  466.649,   11,   74.641,  527.716,   14,   84.409
 12,   3,    0.000,  999,    0.000,   42.346,   90,    0.699,   53.331,  429,    0.881,    7.235,  999,    0.119,   23.172,  100,    0.383,   20.701,  111,    0.342,  893.222,   38,   14.748, 2.23E+03,   18,   36.791,    0.000,  999,    0.000,    0.000,  999,    0.000,    0.000,  999,    0.000,   97.281,  180,    1.606,    0.000,  999,    0.000,  626.909,   19,   10.351,   90.479,  148,    1.494,    2.091,  350,  3.5E-02,   25.078,  150,    0.414,    0.950,  999,  1.6E-02,    0.000,  999,    0.000,  717.388,    7,   11.845,   60.566,   64,    1.000, 3.12E+03,   19,   51.539,    0.000,  999,    0.000,    0.000,  999,    0.000,    0.000,  999,    0.000,    0.266,  999,  4.4E-03, 4.29E-03,  999,  7.1E-05,    0.813,  999,  1.3E-02,    0.000,  999,    0.000,    0.000,  999,    0.000,    1.568,  381,  2.6E-02,    0.000,  999,    0.000,    0.000,  999,    0.000,    0.266,  999,  4.4E-03,    0.817,  999,  1.3E-02
 12,   4,   87.906,   54,    2.877,   28.946,   86,    0.947,    0.000,  999,    0.000,   30.552,   48,    1.000,   16.212,   94,    0.531,   16.675,   90,    0.546,  108.147,   96,    3.540,    0.000,  999,    0.000,    0.000,  999,    0.000,    6.026,   92,    0.197,    0.000,  999,    0.000,    0.000,  999,    0.000,    0.000,  999,    0.000,  292.343,   21,    9.569,  142.377,   31,    4.660,    1.049,  422,  3.4E-02,   20.722,  119,    0.678,    3.518,  316,    0.115,    6.026,   92,    0.197,  434.720,   13,   14.229,   30.552,   48,    1.000,  108.147,   96,    3.540,    0.000,  999,    0.000,    0.000,  999,    0.000,    0.000,  999,    0.000,    0.000,  999,    0.000,    0.000,  999,    0.000,    0.000,  999,    0.000,    0.000,  999,    0.000,    0.000,  999,    0.000,    1.518,  236,  5.0E-02,    0.000,  999,    0.000,    0.000,  999,    0.000,    0.000,  999,    0.000,    0.000,  999,    0.000
 12,   5,    0.000,  999,    0.000,    3.550,   49,    0.360,    9.862,  165,    1.000,    0.000,  999,    0.000,    2.124,   49,    0.215,    2.121,   49,    0.215,   17.718,  353,    1.797,    3.357,  999,    0.340,    0.000,  999,    0.000,    0.000,  999,    0.000,    0.000,  999,    0.000,   24.251,  293,    2.459,   17.068,  201,    1.731,   60.501,   35,    6.135,    0.567,  999,  5.8E-02,    0.706,   49,  7.2E-02,    3.516,   49,    0.356,    0.947,  219,  9.6E-02,    0.000,  999,    0.000,   61.068,   39,    6.192,    9.862,  165,    1.000,   21.075,  409,    2.137,  907.322,   13,   92.002,    0.000,  999,    0.000,  187.798,   36,   19.043,    0.000,  999,    0.000,  127.569,   46,   12.935,    0.000,  999,    0.000,    6.473,  427,    0.656,    0.000,  999,    0.000,   77.154,   71,    7.823,  907.322,   13,   92.002,  913.794,   13,   92.659,  187.798,   36,   19.043,  127.569,   46,   12.935
 12,   6,    0.000,  999,    0.000,    4.890,   57,    0.198,    0.000,  999,    0.000,   24.693,   66,    1.000,    2.933,   57,    0.119,    2.980,   56,    0.121,    0.000,  999,    0.000,   10.695,  476,    0.433,    1.267,  999,  5.1E-02,    3.095,  772,    0.125,    0.000,  999,    0.000,   70.475,   91,    2.854,    0.000,  999,    0.000,   60.787,   39,    2.462,    0.000,  999,    0.000,    0.952,   59,  3.9E-02,    4.918,   57,    0.199,    2.325,  113,  9.4E-02,    4.362,  134,    0.177,   60.787,   39,    2.462,   24.693,   66,    1.000,   10.695,  476,    0.433,  707.109,   22,   28.637,    0.000,  999,    0.000,  184.073,   31,    7.455,   19.295,  134,    0.781,   74.302,   59,    3.009,    0.000,  999,    0.000,    6.117,  224,    0.248,  110.567,   46,    4.478,    0.000,  999,    0.000,  707.109,   22,   28.637,  823.794,   18,   33.362,  203.367,   27,    8.236,   74.302,   59,    3.009
 12,   7,   54.856,   61,    1.244,    5.003,   44,    0.113,   44.106,   40,    1.000,    0.000,  999,    0.000,    3.007,   44,  6.8E-02,    3.025,   43,  6.9E-02,   48.606,  118,    1.102,    0.000,  999,    0.000,   18.715,   37,    0.424,    0.000,  999,    0.000,    0.000,  999,    0.000,   66.923,  102,    1.517,    0.000,  999,    0.000,    0.000,  999,    0.000,    0.000,  999,    0.000,    1.012,   43,  2.3E-02,    5.028,   43,    0.114,    4.189,   78,  9.5E-02,   18.715,   37,    0.424,    0.000,  999,    0.000,   44.106,   40,    1.000,   48.606,  118,    1.102,  536.434,   20,   12.162,    0.000,  999,    0.000,  138.576,   23,    3.142,   16.192,  119,    0.367,   77.115,   25,    1.748,    0.000,  999,    0.000,    5.495,  181,    0.125,   51.009,   73,    1.157,   83.660,   28,    1.897,  536.434,   20,   12.162,  592.938,   18,   13.443,  154.768,   22,    3.509,   77.115,   25,    1.748
 12,   8,  341.515,   44,    4.956,   18.504,   21,    0.269,   68.910,   45,    1.000,    0.000,  999,    0.000,   11.111,   21,    0.161,   11.115,   21,    0.161,  235.344,  124,    3.415,  785.641,   42,   11.401,   16.772,  324,    0.243,    0.338,  999,  4.9E-03,   50.984,  109,    0.740,  284.931,   48,    4.135,   93.603,  159,    1.358,    0.000,  999,    0.000,  250.103,   16,    3.629,    3.707,   21,  5.4E-02,   18.554,   21,    0.269,    6.891,   45,    0.100,   17.110,   67,    0.248,  250.103,   16,    3.629,   68.910,   45,    1.000, 1.02E+03,   52,   14.816,    0.000,  999,    0.000,    0.000,  999,    0.000,    0.000,  999,    0.000,  142.627,   37,    2.070,    0.000,  999,    0.000,  178.100,   55,    2.585,   43.828,   53,    0.636,  125.336,   61,    1.819,  268.070,   15,    3.890,    0.000,  999,    0.000,  169.164,   51,    2.455,  142.627,   37,    2.070,  178.100,   55,    2.585
 12,   9,  712.166,   22,    0.000,    2.089,   90,    0.000,    0.000,  999,    0.000,    0.000,  999,    0.000,    1.252,   90,    0.000,    1.255,   90,    0.000,    0.000,  999,    0.000,    0.000,  999,    0.000,    0.000,  999,    0.000,   13.936,   73,    0.000,  116.118,   37,    0.000,  109.410,   93,    0.000, 1.51E+03,    9,    0.000,    0.000,  999,    0.000,    0.000,  999,    0.000,    0.418,   90,    0.000,    2.089,   89,    0.000,    0.000,  999,    0.000,   13.936,   73,    0.000,    0.000,  999,    0.000,    0.000,  999,    0.000,    0.000,  999,    0.000,    0.000,  999,    0.000,    0.000,  999,    0.000,    4.989,  644,    0.000, 2.57E-02,  999,    0.000,    0.000,  999,    0.000, 2.49E-02,  999,    0.000, 7.28E-03,  999,    0.000, 6.51E-02,  999,    0.000,    0.000,  999,    0.000,    0.000,  999,    0.000, 7.23E-02,  999,    0.000,    5.014,  641,    0.000, 2.49E-02,  999,    0.000
 12,  10,  142.444,  154,    1.515,   16.879,   25,    0.179,    0.000,  999,    0.000,   94.041,   37,    1.000,   10.163,   25,    0.108,   10.145,   25,    0.108,  267.269,  128,    2.842,    0.000,  999,    0.000,   41.317,   31,    0.439,    0.000,  999,    0.000,  146.717,   38,    1.560,  570.098,   24,    6.062,    0.000,  999,    0.000,    0.000,  999,    0.000,  120.384,   44,    1.280,    3.388,   25,  3.6E-02,   16.894,   25,    0.180,    9.370,   39,    0.100,   41.317,   31,    0.439,  120.384,   44,    1.280,   94.041,   37,    1.000,  267.269,  128,    2.842,    0.000,  999,    0.000,    0.000,  999,    0.000,    0.000,  999,    0.000,  120.626,   37,    1.283,   23.703,  194,    0.252,  205.059,   64,    2.181,   28.303,  136,    0.301,    0.000,  999,    0.000,  726.468,    8,    7.725,    0.000,  999,    0.000,   28.303,  136,    0.301,  120.626,   37,    1.283,  228.762,   57,    2.433
 12,  11,    0.000,  999,    0.000,   16.653,   77,    1.748,    0.000,  999,    0.000,    9.526,  199,    1.000,   11.249,   69,    1.181,    9.976,   77,    1.047,  741.957,   24,   77.884, 1.40E+03,   15,  146.854,    0.000,  999,    0.000,    0.000,  999,    0.000,    0.000,  999,    0.000,  180.838,   44,   18.983,    0.000,  999,    0.000,   42.860,  189,    4.499,  302.190,   26,   31.721,    4.606,   55,    0.483,   19.507,   65,    2.048,    0.000,  999,    0.000,    0.000,  999,    0.000,  345.051,    6,   36.220,    9.526,  199,    1.000, 2.14E+03,   14,  224.738,    0.000,  999,    0.000,   10.561,  196,    1.109,    0.000,  999,    0.000, 8.00E-02,  999,  8.4E-03,    6.229,  176,    0.654,    0.173,  999,  1.8E-02, 2.40E-02,  999,  2.5E-03,    0.000,  999,    0.000,    0.162,  778,  1.7E-02,   10.561,  196,    1.109,   10.585,  195,    1.111, 8.00E-02,  999,  8.4E-03,    6.402,  179,    0.672
 12,  12,    3.278,  222,    0.312,    2.314,   51,    0.220,    0.000,  999,    0.000,   10.500,   47,    1.000,    1.405,   51,    0.134,    1.378,   52,    0.131,   27.159,   60,    2.587,    0.000,  999,    0.000,    0.000,  999,    0.000,    1.581,  106,    0.151,    2.792,  202,    0.266,    0.000,  999,    0.000,    0.000,  999,    0.000,   19.081,   36,    1.817,   11.852,   46,    1.129,    0.489,   49,  4.7E-02,    2.267,   52,    0.216,    1.390,  166,    0.132,    1.581,  106,    0.151,   30.933,   26,    2.946,   10.500,   47,    1.000,   27.159,   60,    2.587,    0.000,  999,    0.000,    0.000,  999,    0.000,    0.000,  999,    0.000,   48.811,   33,    4.649,    0.305,  446,  2.9E-02,   98.621,   26,    9.392,   14.062,   43,    1.339,    5.429,  321,    0.517,   13.434,   86,    1.279,    0.000,  999,    0.000,   19.492,  107,    1.856,   48.811,   33,    4.649,   98.927,   26,    9.422
  1,   1,   42.111,  362,    0.000,    2.970,  921,    0.000,    0.000,  999,    0.000,    0.000,  999,    0.000,    0.000,  999,    0.000,    1.427,  999,    0.000,  364.546,   80,    0.000,    0.000,  999,    0.000,    0.000,  999,    0.000,    0.000,  999,    0.000,   96.485,  100,    0.000,  468.956,   59,    0.000,  216.576,   75,    0.000,    0.000,  999,    0.000,    0.000,  999,    0.000,    0.000,  999,    0.000,    0.762,  999,    0.000,    0.000,  999,    0.000,    0.000,  999,    0.000,    0.000,  999,    0.000,    0.000,  999,    0.000,  364.546,   80,    0.000, 2.02E+03,   24,    0.000,    0.000,  999,    0.000,    0.000,  999,    0.000, 1.13E+03,   18,    0.000,  132.937,  215,    0.000, 1.77E+03,   18,    0.000,  338.634,   29,    0.000, 2.74E+03,    9,    0.000, 1.52E+03,   14,    0.000, 2.02E+03,   24,    0.000, 5.09E+03,   10,    0.000, 1.13E+03,   18,    0.000, 1.91E+03,   18,    0.000
  1,   2,  141.196,   94,    0.927,   29.218,   59,    0.192,    0.000,  999,    0.000,  152.383,  109,    1.000,   17.768,   58,    0.117,   17.953,   58,    0.118,    0.000,  999,    0.000,  294.635,   97,    1.934,   91.354,   25,    0.599,    0.000,  999,    0.000,    0.000,  999,    0.000, 1.02E+03,   27,    6.671,    0.000,  999,    0.000,    0.000,  999,    0.000,  165.670,   45,    1.087,    6.504,   53,  4.3E-02,   31.161,   55,    0.204,   11.579,  167,  7.6E-02,   91.354,   25,    0.599,  165.670,   45,    1.087,  152.383,   40,    1.000,  294.635,   97,    1.934,  801.280,   59,    5.258,    0.000,  999,    0.000,  125.288,  187,    0.822,  435.150,   55,    2.856,   17.611,  872,    0.116,  129.579,  288,    0.850,  144.420,  100,    0.948, 1.41E+03,   27,    9.225, 1.53E+03,   14,   10.055,  801.280,   59,    5.258, 2.35E+03,   17,   15.431,  560.438,   32,    3.678,  147.191,  236,    0.966
  1,   3,  713.509,   48,    3.789,   56.924,   67,    0.302,  188.306,   46,    1.000,    0.000,  999,    0.000,   32.359,   71,    0.172,   33.004,   70,    0.175,  994.644,   76,    5.282, 1.97E+03,   44,   10.453,   49.272,   65,    0.262,    0.000,  999,    0.000,    0.000,  999,    0.000,  974.122,   35,    5.173,    0.000,  999,    0.000,  755.436,   15,    4.012,    0.000,  999,    0.000,   11.866,   64,  6.3E-02,   56.728,   67,    0.301,   30.353,  134,    0.161,   49.272,   65,    0.262,  755.436,   15,    4.012,  188.306,   46,    1.000, 2.96E+03,   47,   15.735,    0.000,  999,    0.000,   11.849,  999,  6.3E-02,    3.165,  999,  1.7E-02,   25.214,  315,    0.134,    1.777,  999,  9.4E-03,   36.889,  369,    0.196,    6.694,  454,  3.6E-02,    0.000,  999,    0.000,    0.000,  999,    0.000,   11.849,  999,  6.3E-02,   18.543,  845,  9.8E-02,   28.379,  302,    0.151,   38.666,  352,    0.205
  1,   4,    7.123,  437,    0.153,    0.000,  999,    0.000,    0.000,  999,    0.000,   46.589,   83,    1.000,    0.000,  999,    0.000,    4.268,  554,  9.2E-02,   32.462,  212,    0.697,   64.355,  130,    1.381,   12.359,  382,    0.265,    7.172,  650,    0.154,    0.000,  999,    0.000,  155.011,   86,    3.327,    2.790,  999,  6.0E-02,   37.819,   98,    0.812,   44.016,   83,    0.945,    6.538,  108,    0.140,   11.923,  328,    0.256,    9.105,  378,    0.195,   19.531,   79,    0.419,   81.835,   77,    1.757,   46.589,   83,    1.000,   96.818,  118,    2.078, 3.98E+03,   21,   85.514,  115.675,  320,    2.483, 1.13E+03,   18,   24.353,  215.928,   56,    4.635,  526.348,   26,   11.298,    0.000,  999,    0.000,   66.975,   97,    1.438, 1.06E+03,   20,   22.701,    0.000,  999,    0.000, 4.10E+03,   17,   87.997, 5.22E+03,   12,  112.135, 1.35E+03,   15,   28.988,  526.348,   26,   11.298
  1,   5,    0.000,  999,    0.000,   61.124,  117,    0.204,    0.000,  999,    0.000,  299.956,   30,    1.000,   42.355,  101,    0.141,   43.362,   99,    0.145,    0.000,  999,    0.000,   85.194,  438,    0.284,    0.000,  999,    0.000,  123.973,   27,    0.413,   46.732,  253,    0.156,    0.000,  999,    0.000,    0.000,  999,    0.000,  561.983,   26,    1.874,  272.371,   51,    0.908,   16.695,   83,  5.6E-02,   86.918,   81,    0.290,  125.789,   68,    0.419,  123.973,   27,    0.413,  834.354,   14,    2.782,  299.956,   30,    1.000,   85.194,  438,    0.284,    0.000,  999,    0.000,    0.000,  999,    0.000,    0.000,  999,    0.000,    0.000,  999,    0.000, 9.08E-05,  999,  3.0E-07,    0.000,  999,    0.000,    0.000,  999,    0.000, 1.99E-03,  999,  6.6E-06, 3.10E-03,  999,  1.0E-05,    0.000,  999,    0.000, 1.99E-03,  999,  6.6E-06,    0.000,  999,    0.000, 9.08E-05,  999,  3.0E-07
  1,   6,  294.165,   79,    1.043,   28.575,  236,    0.101,  282.007,   36,    1.000,    0.000,  999,    0.000,   12.614,  321,  4.5E-02,   17.241,  236,  6.1E-02,  445.226,  105,    1.579,  492.192,  102,    1.745,  125.798,   32,    0.446,    0.000,  999,    0.000,  281.466,   55,    0.998,    0.000,  999,    0.000,  129.382,  192,    0.459,    0.000,  999,    0.000,    0.000,  999,    0.000,    7.959,  167,  2.8E-02,   19.981,  335,  7.1E-02,    0.000,  999,    0.000,  125.798,   32,    0.446,    0.000,  999,    0.000,  282.007,   36,    1.000,  937.418,   74,    3.324, 2.78E+03,   24,    9.848,    0.000,  999,    0.000,  741.546,   24,    2.630,  107.769,  109,    0.382,  416.596,   24,    1.477,    0.000,  999,    0.000,   28.645,  212,    0.102,  506.451,   45,    1.796,  177.236,   83,    0.628, 2.78E+03,   24,    9.848, 3.31E+03,   20,   11.746,  849.315,   22,    3.012,  416.596,   24,    1.477
  1,   7,    0.000,  999,    0.000,   38.160,  118,    0.129,    0.000,  999,    0.000,  296.804,   42,    1.000,   23.357,  116,  7.9E-02,   25.307,  107,  8.5E-02, 1.16E+03,   92,    3.921, 3.95E+03,   30,   13.310,    0.000,  999,    0.000,    0.000,  999,    0.000,  160.497,  131,    0.541,  283.771,  192,    0.956, 1.36E+03,   41,    4.586,  507.765,   27,    1.711,    0.000,  999,    0.000,    8.584,  105,  2.9E-02,   39.194,  115,    0.132,   12.054,  445,  4.1E-02,    0.000,  999,    0.000,  507.765,   27,    1.711,  296.804,   42,    1.000, 5.11E+03,   39,   17.231,  113.040,  915,    0.381,   41.531,  999,    0.140,   41.272,  431,    0.139,   20.169,  361,  6.8E-02,   22.938,  437,  7.7E-02,    0.000,  999,    0.000,    5.299,  697,  1.8E-02,  119.540,  118,    0.403,    0.173,  999,  5.8E-04,  154.571,  430,    0.521,  279.410,  234,    0.941,   61.441,  292,    0.207,   22.938,  437,  7.7E-02
  1,   8,    0.000,  999,    0.000,   45.624,   67,    0.300,    0.000,  999,    0.000,  152.179,   54,    1.000,   28.878,   63,    0.190,   27.997,   65,    0.184,  170.147,  193,    1.118,  118.329,  300,    0.778,   99.759,   33,    0.656,    0.000,  999,    0.000,  318.089,   38,    2.090,  767.320,   47,    5.042,    0.000,  999,    0.000,   82.838,  145,    0.544,  414.359,   27,    2.723,    9.736,   63,  6.4E-02,   46.006,   66,    0.302,    8.218,  418,  5.4E-02,   99.759,   33,    0.656,  497.197,   24,    3.267,  152.179,   54,    1.000,  288.476,  160,    1.896,    0.000,  999,    0.000, 1.49E+03,   28,    9.800,    0.000,  999,    0.000,  520.777,   46,    3.422,  311.643,   63,    2.048,  791.119,   45,    5.199,  156.847,   47,    1.031,  401.193,   47,    2.636,  213.309,   47,    1.402, 1.49E+03,   28,    9.800, 2.05E+03,   22,   13.467,  520.777,   46,    3.422, 1.10E+03,   35,    7.246
  1,   9,    0.000,  999,    0.000,   28.330,   59,    0.293,    0.000,  999,    0.000,   96.690,   84,    1.000,   17.168,   59,    0.178,   17.015,   59,    0.176,  659.242,   51,    6.818,    0.000,  999,    0.000,  122.859,   27,    1.271,    0.000,  999,    0.000,  418.787,   29,    4.331, 1.42E+03,   26,   14.691,    0.000,  999,    0.000,    0.000,  999,    0.000,  105.071,   97,    1.087,    5.991,   56,  6.2E-02,   28.870,   58,    0.299,    9.520,   95,  9.8E-02,  122.859,   27,    1.271,  105.071,   97,    1.087,   96.690,   84,    1.000,  659.242,   51,    6.818,    0.000,  999,    0.000,  517.563,   37,    5.353,    0.000,  999,    0.000, 1.47E+03,   17,   15.243,   79.658,  147,    0.824, 3.34E+03,   13,   34.536,  389.004,   42,    4.023, 1.97E+03,   18,   20.333, 1.41E+03,   17,   14.591,  517.563,   37,    5.353, 2.87E+03,   14,   29.709, 1.47E+03,   17,   15.243, 3.42E+03,   13,   35.360
  1,  10,    0.000,  999,    0.000,   45.622,   93,    0.222,   75.420,  476,    0.367,  129.884,  278,    0.633,   32.033,   79,    0.156,   29.555,   86,    0.144,    0.000,  999,    0.000,  261.038,  231,    1.271,   98.013,   34,    0.477,    0.000,  999,    0.000,  185.692,   74,    0.904,  927.916,   42,    4.520,    0.000,  999,    0.000,   12.820,  999,  6.2E-02,  528.524,   35,    2.574,   10.665,   79,  5.2E-02,   48.999,   86,    0.239,   28.491,  187,    0.139,   98.013,   34,    0.477,  541.344,   20,    2.637,  205.304,   43,    1.000,  261.038,  231,    1.271,    0.000,  999,    0.000,    0.000,  999,    0.000, 1.91E-04,  999,  9.3E-07,    5.972,  702,  2.9E-02,    0.000,  999,    0.000,    0.000,  999,    0.000,    0.000,  999,    0.000,    0.000,  999,    0.000,    0.000,  999,    0.000,    0.000,  999,    0.000,    0.000,  999,    0.000,    5.972,  702,  2.9E-02,    0.000,  999,    0.000
  1,  11,    0.000,  999,    0.000,   19.281,   78,    0.166,  115.898,   52,    1.000,    0.000,  999,    0.000,   11.468,   78,  9.9E-02,   11.428,   79,  9.9E-02,  108.717,  256,    0.938,    0.000,  999,    0.000,   36.278,   61,    0.313,    0.000,  999,    0.000,    0.000,  999,    0.000,    0.000,  999,    0.000,    0.000,  999,    0.000,    0.000,  999,    0.000,  159.659,   46,    1.378,    3.647,   82,  3.1E-02,   19.220,   78,    0.166,   11.024,  213,  9.5E-02,   36.278,   61,    0.313,  159.659,   46,    1.378,  115.898,   52,    1.000,  108.717,  256,    0.938,    0.000,  999,    0.000,  184.141,   70,    1.589,   53.607,   80,    0.463,  605.981,   23,    5.229,   25.957,  102,    0.224,    0.000,  999,    0.000,  130.077,   82,    1.122,    0.000,  999,    0.000, 1.15E+03,   16,    9.962,  184.141,   70,    1.589,  314.219,   47,    2.711,  659.587,   21,    5.691,   25.957,  102,    0.224
  1,  12,  755.989,   62,    0.000,  100.844,   12,    0.000,    0.000,  999,    0.000,    0.000,  999,    0.000,   60.543,   12,    0.000,   60.358,   12,    0.000,    0.000,  999,    0.000,    0.000,  999,    0.000,    0.000,  999,    0.000,    6.075,  624,    0.000,    0.000,  999,    0.000,    0.000,  999,    0.000,  734.696,   61,    0.000,  924.403,   36,    0.000, 1.07E+03,   29,    0.000,   20.164,   12,    0.000,  100.631,   12,    0.000, 9.12E-02,  999,    0.000,    6.075,  624,    0.000, 2.00E+03,    7,    0.000,    0.000,  999,    0.000,    0.000,  999,    0.000,   97.442,  195,    0.000,    0.000,  999,    0.000,    0.000,  999,    0.000,  403.908,   40,    0.000,   34.783,  144,    0.000,  606.091,   40,    0.000,  121.174,   40,    0.000,  303.084,   40,    0.000,  151.569,   40,    0.000,   97.442,  195,    0.000,  521.700,   48,    0.000,  403.908,   40,    0.000,  640.874,   38,    0.000
  2,   1,    0.000,  999,    0.000,    6.038,  199,    0.228,    0.000,  999,    0.000,   26.510,  105,    1.000,    3.636,  198,    0.137,    3.817,  190,    0.144,    0.000,  999,    0.000,   54.944,  122,    2.073,    9.048,  372,    0.341,   11.136,  317,    0.420,   29.410,  109,    1.109,    0.000,  999,    0.000,    8.810,  244,    0.332,   38.194,  101,    1.441,    0.000,  999,    0.000,    1.445,  164,  5.4E-02,    5.349,  224,    0.202,    3.966,  278,    0.150,   20.184,   97,    0.761,   38.194,  101,    1.441,   26.510,  105,    1.000,   54.944,  122,    2.073, 4.41E+03,   13,  166.235,    0.000,  999,    0.000, 1.19E+03,   13,   44.877, 2.06E-02,  999,  7.8E-04,  612.207,   17,   23.094,    0.000,  999,    0.000, 4.88E-03,  999,  1.8E-04,    0.107,  999,  4.0E-03,    0.000,  999,    0.000, 4.41E+03,   13,  166.235, 4.41E+03,   13,  166.240, 1.19E+03,   13,   44.878,  612.207,   17,   23.094
  3,   1, 4.32E+03,   32,    7.057,   55.734,   62,  9.1E-02,    0.000,  999,    0.000,  611.553,   27,    1.000,   34.794,   59,  5.7E-02,   35.972,   58,  5.9E-02, 1.81E+03,   81,    2.962,    0.000,  999,    0.000,    0.000,  999,    0.000,  182.302,   37,    0.298,  238.878,  122,    0.391, 2.21E+03,   34,    3.613,    0.000,  999,    0.000,    0.000,  999,    0.000,    0.000,  999,    0.000,   12.817,   54,  2.1E-02,   64.993,   53,    0.106,  371.463,   40,    0.607,  182.302,   37,    0.298,    0.000,  999,    0.000,  611.553,   27,    1.000, 1.81E+03,   81,    2.962,    0.000,  999,    0.000,    0.000,  999,    0.000,    0.000,  999,    0.000,  268.802,   98,    0.440,    0.000,  999,    0.000,  312.777,  200,    0.511, 1.82E+03,   29,    2.984, 4.19E+03,   27,    6.843, 7.94E+03,   14,   12.979,    0.000,  999,    0.000, 6.01E+03,   23,    9.827,  268.802,   98,    0.440,  312.777,  200,    0.511
  4,   1, 1.49E+04,    9,   12.959,  104.101,   93,  9.0E-02, 1.15E+03,   22,    1.000,    0.000,  999,    0.000,   71.268,   82,  6.2E-02,   74.741,   79,  6.5E-02, 4.84E+03,   50,    4.202,    0.000,  999,    0.000,  418.803,   27,    0.363,    0.000,  999,    0.000, 1.36E+03,   36,    1.176, 6.65E+03,   20,    5.770,    0.000,  999,    0.000,    0.000,  999,    0.000,    0.000,  999,    0.000,   28.578,   68,  2.5E-02,  118.010,   82,    0.102,    0.000,  999,    0.000,  418.803,   27,    0.363,    0.000,  999,    0.000, 1.15E+03,   22,    1.000, 4.84E+03,   50,    4.202,    0.000,  999,    0.000,    0.000,  999,    0.000,    0.000,  999,    0.000,  230.030,   98,    0.200,    0.000,  999,    0.000,   53.608,  698,  4.7E-02,   67.135,  131,  5.8E-02,    0.000,  999,    0.000, 1.02E+03,   17,    0.885,    0.000,  999,    0.000,   67.135,  131,  5.8E-02,  230.030,   98,    0.200,   53.608,  698,  4.7E-02
  5,   1,  238.806,   78,    0.000,   29.086,   30,    0.000,    0.000,  999,    0.000,    0.000,  999,    0.000,   17.424,   30,    0.000,   17.450,   30,    0.000,    0.000,  999,    0.000,  892.276,   47,    0.000,   27.187,   64,    0.000,    0.000,  999,    0.000,    0.000,  999,    0.000,    0.000,  999,    0.000,   68.747,  288,    0.000,  499.213,   27,    0.000,    0.000,  999,    0.000,    5.913,   30,    0.000,   29.185,   30,    0.000,    0.000,  999,    0.000,   27.187,   64,    0.000,  499.213,   27,    0.000,    0.000,  999,    0.000,  892.276,   47,    0.000,  116.090,  353,    0.000,    0.000,  999,    0.000,    5.759,  999,    0.000,  297.835,   82,    0.000,   83.291,  158,    0.000,  279.108,  142,    0.000,   99.918,   97,    0.000,  258.286,  109,    0.000,  589.378,   26,    0.000,  116.090,  353,    0.000,  474.294,   99,    0.000,  303.594,   75,    0.000,  362.399,  112,    0.000
  6,   1,    0.000,  999,    0.000,    0.000,  999,    0.000,    0.000,  999,    0.000,    0.000,  999,    0.000,    0.590,  999,    0.000,    0.000,  999,    0.000,    0.000,  999,    0.000, 5.34E+03,   37,    0.000,    0.000,  999,    0.000,    0.000,  999,    0.000,    0.000,  999,    0.000, 1.97E+03,   31,    0.000,    0.000,  999,    0.000,    0.000,  999,    0.000,    0.000,  999,    0.000,    0.181,  999,    0.000,    0.000,  999,    0.000,    0.000,  999,    0.000,    0.000,  999,    0.000,    0.000,  999,    0.000,    0.000,  999,    0.000, 5.34E+03,   37,    0.000, 6.15E+03,   23,    0.000,    0.000,  999,    0.000,    0.000,  999,    0.000, 3.08E+03,   17,    0.000, 3.40E+03,   16,    0.000, 7.71E+03,   10,    0.000,  960.817,   36,    0.000, 3.71E+03,   23,    0.000, 2.64E+03,   15,    0.000, 6.15E+03,   23,    0.000, 1.08E+04,   13,    0.000, 3.08E+03,   17,    0.000, 1.11E+04,    7,    0.000
  7,   1, 1.22E+04,    7,    6.837,    0.000,  999,    0.000,    0.000,  999,    0.000, 1.78E+03,    8,    1.000,    1.963,  999,  1.1E-03,   28.801,  899,  1.6E-02, 3.87E+03,   36,    2.173,    0.000,  999,    0.000,  432.957,   15,    0.243,    0.000,  999,    0.000, 1.72E+03,   16,    0.969, 3.71E+03,   18,    2.086,    0.000,  999,    0.000, 1.73E+03,   10,    0.973,    0.000,  999,    0.000,   60.184,  104,  3.4E-02,  131.163,  287,  7.4E-02,    7.381,  999,  4.1E-03,  432.957,   15,    0.243, 1.73E+03,   10,    0.973, 1.78E+03,    8,    1.000, 3.87E+03,   36,    2.173,    0.000,  999,    0.000,    0.000,  999,    0.000,    0.000,  999,    0.000, 3.48E+03,    6,    1.955,    0.000,  999,    0.000, 5.22E+03,    6,    2.932, 1.04E+03,    6,    0.587, 2.62E+03,    6,    1.470, 1.31E+03,    6,    0.735,    0.000,  999,    0.000, 3.66E+03,    6,    2.057, 3.48E+03,    6,    1.955, 5.22E+03,    6,    2.932
  8,   1,  231.916,   96,    2.366,    2.358,  999,  2.4E-02,    0.000,  999,    0.000,   98.028,   85,    1.000,    2.522,  583,  2.6E-02,    3.364,  438,  3.4E-02,  614.227,   73,    6.266,    0.000,  999,    0.000,    0.000,  999,    0.000,    0.000,  999,    0.000,   92.220,  138,    0.941,  286.280,  143,    2.920,   95.308,  229,    0.972,    0.000,  999,    0.000,    0.000,  999,    0.000,    1.974,  248,  2.0E-02,    4.691,  524,  4.8E-02,    0.000,  999,    0.000,    0.000,  999,    0.000,    0.000,  999,    0.000,   98.028,   85,    1.000,  614.227,   73,    6.266, 9.71E+03,   16,   99.053,    0.000,  999,    0.000, 2.59E+03,   16,   26.447, 6.46E+03,    6,   65.905, 1.46E+03,   16,   14.858, 9.45E+03,    7,   96.380, 1.93E+03,    7,   19.725, 5.84E+03,    6,   59.581, 2.93E+03,    7,   29.880, 9.71E+03,   16,   99.053, 1.75E+04,    8,  178.359, 9.05E+03,    5,   92.352, 1.09E+04,    6,  111.238
  9,   1,    0.000,  999,    0.000,  249.009,  106,    0.828,  300.868,   36,    1.000,    0.000,  999,    0.000,    0.000,  999,    0.000,    0.000,  999,    0.000,    0.000,  999,    0.000, 2.98E+03,   31,    9.908,   16.191,  107,  5.4E-02,    0.000,  999,    0.000,    0.000,  999,    0.000,  615.007,   43,    2.044, 1.09E+03,   37,    3.610, 1.62E+03,   31,    5.378,  474.021,   37,    1.576,    0.000,  999,    0.000,  600.877,   53,    1.997,  336.240,   43,    1.118,   16.191,  107,  5.4E-02, 2.09E+03,   29,    6.953,  300.868,   36,    1.000, 2.98E+03,   31,    9.908, 8.55E+04,   16,  284.139,    0.000,  999,    0.000, 2.45E+04,   18,   81.313, 1.46E+04,   16,   48.598, 1.97E+04,   15,   65.537, 8.63E+04,    6,  286.969, 1.08E+04,   40,   35.944, 6.36E+04,   13,  211.358, 2.41E+04,   18,   80.209, 8.55E+04,   16,  284.139, 1.60E+05,    7,  531.441, 3.91E+04,   12,  129.911, 1.06E+05,    5,  352.506
 10,   1, 8.90E+03,   58,    0.580, 6.31E+04,    6,    4.111, 1.53E+04,    5,    1.000,    0.000,  999,    0.000,    0.000,  999,    0.000, 2.76E+03,  105,    0.180,    0.000,  999,    0.000,    0.000,  999,    0.000, 6.21E+03,    6,    0.405,    0.000,  999,    0.000, 9.61E+03,   16,    0.626, 4.45E+04,   11,    2.903, 7.90E+03,   82,    0.515, 6.32E+04,   10,    4.122, 1.84E+04,   35,    1.200, 5.33E+03,    9,    0.347, 3.62E+04,    9,    2.359, 1.53E+03,   12,    0.100, 6.21E+03,    6,    0.405, 8.16E+04,    2,    5.322, 1.53E+04,    5,    1.000,    0.000,  999,    0.000, 2.33E+04,   33,    1.522,    0.000,  999,    0.000, 8.20E+03,   28,    0.535, 1.08E+04,   21,    0.702,  407.146,  413,  2.7E-02, 1.48E+04,   23,    0.965, 3.30E+03,   23,    0.215, 8.85E+03,   24,    0.577, 5.28E+03,   21,    0.344, 2.33E+04,   33,    1.522, 3.55E+04,   23,    2.314, 1.90E+04,   17,    1.237, 1.52E+04,   24,    0.992
 11,   1, 1.63E+03,   65,    0.477, 1.52E+04,    6,    4.423, 3.43E+03,    6,    1.000,    0.000,  999,    0.000,    0.000,  999,    0.000,  499.933,  165,    0.146,    0.000,  999,    0.000,    0.000,  999,    0.000,    0.000,  999,    0.000,  875.663,   11,    0.256, 1.95E+03,   19,    0.569, 9.36E+03,   12,    2.732,  805.930,  146,    0.235, 2.08E+04,    6,    6.080, 4.44E+03,   26,    1.296,  718.916,   16,    0.210, 8.27E+03,   12,    2.413,  341.677,    9,    0.100,  875.663,   11,    0.256, 2.53E+04,    1,    7.376, 3.43E+03,    6,    1.000,    0.000,  999,    0.000, 1.43E+03,   55,    0.416,    0.000,  999,    0.000,  209.447,  163,  6.1E-02, 1.44E+03,   30,    0.419,    0.000,  999,    0.000, 2.02E+03,   34,    0.590,  449.942,   33,    0.131, 1.11E+03,   37,    0.324,  845.533,   26,    0.247, 1.43E+03,   55,    0.416, 2.99E+03,   34,    0.872, 1.64E+03,   27,    0.480, 2.02E+03,   34,    0.590
 12,   1, 6.12E+03,    9,    0.000,    0.000,  999,    0.000,    0.000,  999,    0.000,    0.000,  999,    0.000,    0.450,  999,    0.000,    0.693,  999,    0.000, 1.64E+03,   27,    0.000,    0.000,  999,    0.000,    4.989,  358,    0.000,    0.000,  999,    0.000,   75.268,  100,    0.000,   56.770,  364,    0.000, 2.39E+03,   26,    0.000,    0.000,  999,    0.000,    0.000,  999,    0.000,    0.685,  359,    0.000,    1.390,  880,    0.000,   13.374,  286,    0.000,    4.989,  358,    0.000,    0.000,  999,    0.000,    0.000,  999,    0.000, 1.64E+03,   27,    0.000,    0.000,  999,    0.000,    0.000,  999,    0.000,    0.000,  999,    0.000, 2.41E+03,    8,    0.000,   25.462,  351,    0.000, 3.33E+03,    8,    0.000,  716.319,   10,    0.000, 2.87E+03,    5,    0.000, 1.59E+03,    8,    0.000,    0.000,  999,    0.000, 3.59E+03,    5,    0.000, 2.41E+03,    8,    0.000, 3.35E+03,    8,    0.000
